2009	1303033
2009	2056653
2009	1307639
2009	1306843
2009	3069347
2009	1293926
2009	1308022
2009	1308074
2009	1293783
2009	1297105
2009	1295453
2009	1464303
2009	1304940
2009	1305541
2009	1294139
2009	2417346
2009	1301912
2009	1904505
2009	1302988
2009	1757506
2009	1302061
2009	1315570
2009	2132495
2009	1294047
2009	2229427
2009	1850942
2009	2355756
2009	1369831
2009	1421673
2009	1510114
2009	3330071
2009	1303184
2009	2326158
2009	1293935
2009	1299670
2009	1293748
2009	1301136
2009	1981242
2009	1459054
2009	1306257
2009	1361276
2009	1295490
2009	1303045
2009	1294165
2009	1301148
2009	1291842
2009	1296482
2009	1388216
2009	1293341
2009	1292720
2009	1297628
2009	1293566
2009	1293544
2009	1291583
2009	1308757
2009	1301753
2009	1291581
2009	1292973
2009	1294766
2009	1302759
2009	1291576
2009	1294833
2009	1291578
2009	1440884
2009	1296520
2009	3319774
2009	1940082
2009	1401514
2009	3775720
2009	1979147
2009	1807721
2009	1533679
2009	2042620
2009	1316685
2009	3775708
2009	1298248
2009	1394424
2009	1304576
2009	1299361
2009	1469967
2009	1300299
2009	3214972
2009	1401383
2009	1303040
2009	1303948
2009	3080872
2009	1293531
2009	1401175
2009	1295124
2009	1293303
2009	1291857
2009	1306727
2009	1293838
2009	1302619
2009	1298506
2009	1293034
2009	1291846
2009	1303450
2009	1295012
2009	1322674
2009	3629226
2009	3094544
2009	3094547
2009	3094549
2009	1441820
2009	1865464
2009	1475653
2009	3616391
2009	1424486
2009	3618715
2009	1741547
2009	1308333
2009	1300058
2009	1297268
2009	4766209
2009	1302488
2009	1292644
2009	1293156
2009	1293071
2009	1300958
2009	1293234
2009	1294438
2009	1298494
2009	1301252
2009	1298688
2009	1305647
2009	1401370
2009	1303654
2009	1292048
2009	1949376
2009	1291559
2009	1401208
2009	3628244
2009	1300919
2009	1304728
2009	1296078
2009	1305526
2009	1301890
2009	1308831
2009	1767042
2009	1433525
2009	1303123
2009	1306521
2009	1962116
2009	2059742
2009	1308777
2009	1463958
2009	3329796
2009	1907653
2009	1898223
2010	1937380
2010	1440586
2010	1869346
2010	2159056
2010	25775719
2010	2140014
2010	5422571
2010	1305483
2010	5091207
2010	5403988
2010	3005378
2010	1440583
2010	3072381
2010	1307394
2010	2363506
2010	1900841
2010	3731893
2010	1851857
2010	1459023
2010	2995839
2010	2134296
2010	3006619
2010	1397184
2010	1416942
2010	4886326
2010	3205445
2010	1981392
2010	1898223
2010	1788100
2010	1296124
2010	1294103
2010	2051576
2010	1777402
2010	1304868
2010	1760027
2010	1496438
2010	1389982
2010	1300275
2010	1304667
2010	1299595
2010	1294789
2010	2992767
2010	1422917
2010	2328749
2010	1292444
2010	1949369
2010	1787541
2010	1308825
2010	2028666
2010	1432699
2010	1929461
2010	1394488
2010	1788940
2010	2134294
2010	2065021
2010	1299649
2010	2297265
2010	2969582
2010	1794184
2010	3258558
2010	3044823
2010	6013760
2010	26339408
2010	1451496
2010	2138427
2010	30403299
2010	1326038
2010	3034034
2010	1419136
2010	1301715
2010	1938312
2010	1428208
2010	2996640
2010	1303590
2010	1297102
2010	1304952
2010	1298245
2010	1850963
2010	1307772
2010	1431724
2010	2149806
2010	1299612
2010	1882503
2010	2067529
2010	1851683
2010	1421733
2010	1787291
2010	2028659
2010	1293019
2010	1293515
2010	1303710
2010	1464303
2010	1316580
2010	1308116
2010	1308127
2010	1440742
2010	1297709
2010	1297317
2010	1433496
2010	1774223
2010	1292449
2010	1476023
2010	1292959
2010	3120436
2010	1297695
2010	1297082
2010	1292467
2010	1297079
2010	1306588
2010	1304660
2010	1295451
2010	1418570
2010	1301691
2010	2382969
2010	2078398
2010	2271602
2010	2005723
2010	1478280
2010	1438066
2010	1962503
2010	1302252
2010	1298366
2010	1302346
2010	1302619
2010	4707235
2010	1461918
2010	1483445
2010	2084792
2010	1914831
2010	1294915
2010	2084721
2010	1294140
2010	1293030
2010	1394348
2010	4036979
2010	1915403
2010	4028572
2010	1418200
2010	1303534
2010	1815687
2010	1293776
2010	3040262
2010	1296813
2010	2053515
2010	1296283
2010	1437109
2010	1294245
2010	1962968
2010	1294620
2010	1299086
2010	1304582
2010	1302499
2010	1861401
2010	1307696
2010	1308755
2010	1293973
2010	1293824
2010	1305526
2010	1292341
2010	3060582
2010	1419582
2010	1303054
2010	2003404
2010	1867066
2010	1920798
2010	4230623
2010	1302342
2011	1851857
2011	1878616
2011	2999387
2011	1309001
2011	2054933
2011	1307394
2011	1853768
2011	1304972
2011	2369618
2011	1438091
2011	2057495
2011	5913024
2011	1437313
2011	2369618
2011	3157605
2011	1302279
2011	3075921
2011	1760622
2011	1853770
2011	4066125
2011	1419992
2011	2931930
2011	2049721
2011	3039187
2011	1292000
2011	3011373
2011	2968813
2011	2148257
2011	2044089
2011	1787291
2011	1428051
2011	1307434
2011	1950821
2011	2037012
2011	1887829
2011	1578503
2011	1929402
2011	1471508
2011	2295401
2011	2464346
2011	3233761
2011	1482316
2011	2041876
2011	1300752
2011	1305294
2011	1414806
2011	1307306
2011	1302282
2011	1981201
2011	1483808
2011	3395437
2011	2279152
2011	3442220
2011	3011093
2011	4861627
2011	2027899
2011	1853176
2011	1292055
2011	3445586
2011	3569969
2011	2148874
2011	6557032
2011	6558775
2011	2265371
2011	2149806
2011	3217894
2011	1459368
2011	2336737
2011	1300299
2011	3105588
2011	1309162
2011	1482030
2011	1839597
2011	2000741
2011	3007825
2011	3162953
2011	3731893
2011	1292541
2011	3102174
2011	1466394
2011	3727653
2011	1451911
2011	1295644
2011	3504940
2011	1780330
2011	4022491
2011	1853752
2011	1477316
2011	3195101
2011	4268598
2011	4280770
2011	1793903
2011	1292444
2011	1907467
2011	3008469
2011	1466263
2011	1438317
2011	1938022
2011	1295804
2011	1291554
2011	1946867
2011	3285642
2011	2154470
2011	1424632
2011	1298755
2011	1304289
2011	1461918
2011	2070307
2011	2070308
2011	3624548
2011	3321755
2011	3432359
2011	3691118
2011	1451496
2011	3297229
2011	3571005
2011	1821412
2011	1421292
2011	1794184
2011	1894454
2011	1464520
2011	1479596
2011	1477919
2011	1429063
2011	3284099
2011	1429068
2011	3585017
2011	1451496
2011	4304377
2011	4238950
2011	1291554
2011	1978709
2011	2056093
2011	3069312
2011	3819939
2011	1299193
2011	4304377
2011	4238950
2011	1291554
2011	1978709
2011	2056093
2011	3069312
2011	3819939
2011	1299193
2011	1768184
2011	2346533
2011	1424630
2011	1461964
2011	1294208
2011	1309226
2011	1949811
2011	1461918
2012	3593931
2012	1437857
2012	2123597
2012	1306634
2012	1464303
2012	1300930
2012	1438584
2012	2132889
2012	1308777
2012	26437092
2012	1464526
2012	1297880
2012	1291864
2012	1448751
2012	1451563
2012	1482853
2012	1437857
2012	1433701
2012	1422286
2012	2033873
2012	3147497
2012	1421673
2012	1756582
2012	4719384
2012	1474405
2012	1292646
2012	3212965
2012	2969582
2012	2133469
2012	2157507
2012	3338879
2012	4011274
2012	3034034
2012	3205624
2012	10464211
2012	1481918
2012	5201846
2012	1460853
2012	4738005
2012	5165997
2012	10459823
2012	1457480
2012	1465461
2012	3290737
2012	10459716
2012	10605870
2012	1464067
2012	3335371
2012	1431962
2012	5226657
2012	10590563
2012	5226817
2012	3009150
2012	2051925
2012	2375931
2012	4861280
2012	4881236
2012	5226734
2012	10590564
2012	2051924
2012	4861283
2012	10459705
2012	3072124
2012	3072086
2012	3829499
2012	2042226
2012	3836100
2012	1309003
2012	2993846
2012	2132495
2012	2230905
2012	1308960
2012	3182944
2012	1865561
2012	1418834
2012	3205445
2012	1307843
2012	1466263
2012	2138427
2012	1307015
2012	2136260
2012	2136261
2012	2136259
2012	1466033
2012	10785228
2012	3277567
2012	1421676
2012	1307708
2012	1304659
2012	3102668
2012	2136824
2012	3990145
2012	1307332
2012	1292272
2012	3154825
2012	1968790
2012	1973459
2012	2567646
2012	1294194
2012	1292330
2012	1299103
2012	1302912
2012	1299436
2012	1303451
2012	1302941
2012	2159056
2012	4886326
2012	5088242
2012	1465463
2012	1292518
2012	1307535
2012	1433577
2012	1316698
2012	1303021
2012	1438338
2012	1482089
2012	1395546
2012	1422020
2012	1300894
2012	1438018
2012	1307970
2012	1962574
2012	1482080
2012	1851857
2012	1946877
2012	1412579
2012	1302642
2012	1483239
2012	3068210
2012	1307678
2012	3346527
2012	1293350
2012	1419052
2012	1434273
2012	1434272
2012	2995198
2012	4191644
2012	1309160
2012	3072159
2012	2334904
2012	1981242
2012	2131651
2012	1316580
2012	3626372
2012	1303526
2012	1303463
2012	1296581
2012	1422957
2012	2078989
2012	3007826
2012	2295854
2012	1323746
2012	2225607
2012	3193502
2012	1483218
2012	1864740
2012	2080554
2012	11625164
2012	2311159
2012	3901459
2012	1308810
2012	1293935
2012	3284392
2012	2028645
2012	1419942
2012	1291558
2012	1301900
2012	1858678
2012	1304660
2012	3008672
2012	1434269
2012	1306505
2012	1293391
2012	1307690
2012	1301898
2012	1308813
2012	1291580
2012	1291584
2012	1292048
2012	1303454
2012	1870044
2012	1401118
2012	5353077
2012	6110557
2012	1931727
2012	3665268
2012	4223304
2012	3113420
2012	6849056
2012	2246605
2012	3193264
2012	10561910
2012	10740288
2012	10796565
2012	3032543
2012	10583840
2012	1858095
2012	4097249
2012	10809476
2012	4707582
2012	1484900
2012	1298362
2012	3003092
2012	2003389
2012	3818585
2012	1308567
2012	3006327
2012	3321409
2012	1422917
2012	2059321
2012	1388180
2012	1304017
2012	1300894
2012	2208890
2012	1461981
2012	2145961
2012	1308306
2012	1394315
2012	1424629
2012	1465450
2012	1299884
2012	1388180
2013	3217165
2013	1441801
2013	3158432
2013	1471507
2013	3431735
2013	1292229
2013	1427266
2013	1466115
2013	1851906
2013	1883634
2013	24530628
2013	1438025
2013	1303148
2013	1303173
2013	1298389
2013	1293118
2013	1294584
2013	1292668
2013	1296753
2013	1300570
2013	1293389
2013	1303410
2013	1292215
2013	1300299
2013	1292401
2013	1304447
2013	2997052
2013	1308599
2013	1293530
2013	6384752
2013	1292214
2013	1294958
2013	1292349
2013	1297630
2013	1301459
2013	1309027
2013	1292335
2013	3637237
2013	1292223
2013	1309115
2013	2297265
2013	1309084
2013	1306843
2013	1303333
2013	2081376
2013	6396294
2013	1296736
2013	1945780
2013	1292208
2013	1292704
2013	1300265
2013	1472019
2013	1464595
2013	1299161
2013	1307690
2013	1463240
2013	1919225
2013	10456755
2013	1895272
2013	10467735
2013	3162138
2013	2084250
2013	1293150
2013	1316522
2013	1292226
2013	1293460
2013	2974278
2013	4164444
2013	5413813
2013	1767042
2013	2056653
2013	1306526
2013	1550450
2013	5972040
2013	3005442
2013	1301649
2013	2072848
2013	1306466
2013	1452437
2013	1759783
2013	1304817
2013	1291999
2013	1304826
2013	1302597
2013	1299005
2013	1295451
2013	1299204
2013	1937380
2013	1297550
2013	6019007
2013	3048124
2013	1297756
2013	1857099
2013	4838667
2013	1293964
2013	1295586
2013	1421933
2013	1302050
2013	1304975
2013	1306206
2013	1461403
2013	1301089
2013	6771529
2013	2081493
2013	2010972
2013	4313109
2013	4319218
2013	3179741
2013	3008244
2013	4206357
2013	3120852
2013	1792922
2013	1303034
2013	1904505
2013	1308097
2013	1292067
2013	1307697
2013	1291857
2013	1873750
2013	1292658
2013	1293237
2013	1308070
2013	1299042
2013	1305152
2013	1422040
2013	1299441
2013	1759548
2013	1424632
2013	1465463
2013	2378705
2013	2294203
2013	1466031
2013	1759386
2013	1302467
2013	1889242
2013	1304141
2013	1291843
2013	6837235
2013	6430835
2013	6985810
2013	1438652
2013	5503303
2013	1309173
2013	1293838
2013	3418187
2013	4058952
2013	1297715
2013	1981335
2013	3073124
2013	6390832
2013	1760622
2013	3158449
2013	1292646
2013	1292000
2013	3269068
2013	1295490
2013	1306303
2013	3077840
2013	6875451
2013	1416435
2013	2063533
2013	1308865
2013	1464885
2013	1293160
2013	1431980
2013	2065275
2013	1306626
2013	1756489
2013	2005841
2013	2063524
2013	3299241
2013	10538110
2013	3987389
2013	1291836
2013	2973543
2013	1308173
2013	2375792
2013	5969391
2013	5969389
2013	5969392
2013	5969394
2013	5969393
2013	5969395
2013	1917633
2013	1394315
2013	1482869
2013	5360889
2013	3094909
2013	7015714
2013	10521937
2013	4918501
2013	7001057
2013	10600295
2013	5327272
2013	4798707
2013	6033062
2013	6518638
2013	1295284
2013	1303184
2013	1294038
2013	1298207
2013	1295374
2013	1292328
2013	1302325
2013	1306548
2013	1292063
2013	1767888
2013	1294589
2013	2037961
2013	4935242
2013	1292656
2013	5990238
2013	1315316
2013	1440958
2013	3072284
2013	1461917
2013	2140014
2013	1294139
2013	1484750
2013	3072381
2013	1962965
2013	1301715
2013	1294411
2013	1297539
2013	1298399
2013	4300641
2013	1299247
2014	1305720
2014	3077791
2014	6887029
2014	1292504
2014	2044081
2014	1437775
2014	1292401
2014	3091572
2014	1316510
2014	1292328
2014	1401526
2014	1292679
2014	3768046
2014	11510453
2014	1306505
2014	3394878
2014	1291555
2014	1298112
2014	1291999
2014	4896894
2014	2138467
2014	1297880
2014	5919548
2014	1296266
2014	1308974
2014	1299686
2014	1295940
2014	1291863
2014	1306634
2014	1978709
2014	1401481
2014	1853768
2014	20415233
2014	3013553
2014	1304534
2014	1308047
2014	20020577
2014	10438426
2014	1303217
2014	1292547
2014	1300802
2014	1303839
2014	1307350
2014	1434275
2014	1472559
2014	1292218
2014	3749947
2014	2080572
2014	3135483
2014	1300275
2014	1292225
2014	1292233
2014	1300055
2014	1292969
2014	1292472
2014	1322848
2014	1292226
2014	1293936
2014	1296992
2014	1939759
2014	1770038
2014	1299616
2014	4071781
2014	1483988
2014	3443389
2014	1921583
2014	1919230
2014	6877520
2014	1293155
2014	4280102
2014	1945330
2014	1937502
2014	1959291
2014	3218765
2014	1293124
2014	2072848
2014	25716482
2014	21348876
2014	1293926
2014	1862151
2014	1307210
2014	10545939
2014	1794435
2014	1293350
2014	1295644
2014	1292208
2014	1401915
2014	1418001
2014	1292215
2014	1308162
2014	3592859
2014	1297227
2014	1304495
2014	1306970
2014	1295555
2014	1302325
2014	3217894
2014	1292063
2014	1412579
2014	1295451
2014	1307219
2014	4721293
2014	1292238
2014	1438652
2014	1297368
2014	1844413
2014	1292656
2014	1293179
2014	1291832
2014	1293863
2014	1291824
2014	4319218
2014	1766827
2014	2042437
2014	1307823
2014	1962116
2014	3007773
2014	6307447
2014	3231686
2014	4018288
2014	1401269
2014	1308366
2014	1298107
2014	1304826
2014	2062967
2014	2111619
2014	25853103
2014	1498825
2014	3726072
2014	1291557
2014	1292222
2014	10487226
2014	1300605
2014	1299365
2014	3008247
2014	1292052
2014	1291565
2014	1296778
2014	1297514
2014	1422942
2014	2464346
2014	3023164
2014	1292780
2014	1291864
2014	3077840
2014	1303459
2014	1395546
2014	3036460
2014	2138404
2014	1867787
2014	1294941
2014	1300093
2014	1305986
2014	14072900
2014	1307921
2014	1309083
2014	2132495
2014	1292065
2014	5308265
2014	1439890
2014	2336735
2014	2134296
2014	2382939
2014	1780256
2014	1418019
2014	1309069
2014	1456503
2014	4824245
2014	1292213
2014	1299398
2014	1292064
2014	1300185
2014	2076007
2014	2000689
2014	1466022
2014	1292206
2014	1303078
2014	3444553
2014	6852172
2014	10740237
2014	1291937
2014	1297009
2014	1307611
2014	10740236
2014	2159056
2014	1299292
2014	1306029
2014	1418570
2014	20270431
2014	25793385
2014	1292370
2014	2378705
2014	3011093
2014	1299362
2014	1306791
2014	25798252
2014	2988103
2014	1472563
2014	1299603
2014	3718782
2014	1309163
2014	1292211
2014	1307840
2014	1397546
2014	1329957
2014	1424325
2014	1297228
2014	3326761
2014	1291828
2014	1304530
2014	2053515
2014	1792933
2014	1293394
2014	1296011
2014	6786002
2014	4086853
2014	1298759
2014	3612641
2014	1293182
2014	2998253
2014	1781126
2014	1291549
2014	1296240
2014	1394488
2014	1298624
2014	1303536
2014	2157498
2014	1305607
2014	1306842
2014	1297000
2014	1292217
2014	1301646
2014	1308566
2014	1306497
2014	1776595
2014	23752714
2014	1310153
2014	1309070
2014	1439106
2014	3347104
2014	3078609
2014	1291877
2014	6124112
2014	3008469
2014	2344893
2014	1295865
2014	1292402
2014	1939201
2014	1920805
2014	1309012
2014	3792848
2014	4826415
2014	1401130
2014	2042279
2014	1763134
2014	1295647
2014	10833919
2014	10558422
2014	1793929
2014	1305224
2014	6425116
2014	24843611
2014	1306743
2014	1293838
2014	1293013
2014	3073124
2014	1780330
2014	2334904
2014	1315316
2014	1301465
2014	1857099
2014	3338851
2014	1298362
2014	1299193
2014	5360889
2014	6771529
2015	1394495
2015	1301171
2015	26353881
2015	25766754
2015	25958704
2015	26295860
2015	20514947
2015	25890005
2015	1297268
2015	1292401
2015	1306830
2015	1298128
2015	1296563
2015	1297046
2015	1293050
2015	1305088
2015	1308346
2015	25807345
2015	1307748
2015	1306548
2015	1304060
2015	1299213
2015	1300569
2015	1300930
2015	6521506
2015	6722879
2015	6985803
2015	1305543
2015	1482101
2015	25919910
2015	1292270
2015	1293145
2015	1307790
2015	26650752
2015	1304749
2015	1481912
2015	1925019
2015	1306801
2015	1481917
2015	1472907
2015	25884743
2015	1291835
2015	1388216
2015	26289126
2015	6801409
2015	3321409
2015	1438021
2015	2973543
2015	21359627
2015	10521701
2015	26366465
2015	1291832
2015	1900841
2015	1307639
2015	1299027
2015	1293817
2015	1466022
2015	4116952
2015	1293582
2015	1303547
2015	1307320
2015	1298915
2015	10741871
2015	24743696
2015	1416895
2015	1999622
2015	4301268
2015	1305986
2015	1297926
2015	1428208
2015	1299361
2015	1939759
2015	1424629
2015	5977784
2015	4063400
2015	1306889
2015	1300195
2015	1419294
2015	1443675
2015	1305181
2015	1299670
2015	3532588
2015	3427890
2015	1480381
2015	1848198
2015	2005723
2015	3027163
2015	1299238
2015	21961979
2015	1307890
2015	1800766
2015	1302821
2015	10774088
2015	1876476
2015	2344345
2015	1299320
2015	2333602
2015	1298199
2015	1303016
2015	1756582
2015	1301668
2015	25917973
2015	1300375
2015	1304571
2015	1297735
2015	1949812
2015	2027899
2015	25698399
2015	25964104
2015	25825709
2015	1298609
2015	1448743
2015	1297082
2015	25717552
2015	1302342
2015	1301217
2015	3562446
2015	1295643
2015	1478066
2015	1293532
2015	1308078
2015	2005841
2015	1300353
2015	1301169
2015	26602281
2015	26585855
2015	3199911
2015	4899425
2015	5150149
2015	5127465
2015	3532315
2015	1416706
2015	1300292
2015	1464535
2015	1303040
2015	1294570
2015	1306388
2015	1449845
2015	24719063
2015	2068073
2015	1298308
2015	1299107
2015	1303285
2015	7062367
2015	1297607
2015	1307772
2015	1292781
2015	1294477
2015	1292063
2015	1337290
2015	1304014
2015	1308127
2015	1299811
2015	1308074
2015	1301726
2015	1416435
2015	1304975
2015	1305092
2015	1292206
2015	1422971
2015	1309155
2015	1300919
2015	1291853
2015	1309046
2015	26549722
2015	1422917
2015	1433368
2015	1307427
2015	1295865
2015	1306029
2015	1875166
2015	1301771
2015	1304771
2015	1309015
2015	1305666
2015	1422024
2015	1291876
2015	26431592
2015	6879185
2015	25768089
2015	1482099
2015	1292229
2015	3217150
2015	3179741
2015	6872244
2015	1292067
2015	10508921
2015	1297009
2015	1309027
2015	1472019
2015	1783772
2015	1309115
2015	1478064
2015	4191644
2015	1307649
2015	1305085
2015	1907653
2015	3217169
2015	6985810
2015	1299687
2015	1293182
2015	25767503
2015	26266976
2015	26266978
2015	26266983
2015	25825863
2015	25972488
2015	26322787
2015	26278437
2015	25985574
2015	25867446
2015	25918596
2015	25955872
2015	4304402
2015	2284851
2015	6856067
2015	10553321
2015	1434269
2015	1947549
2015	1292348
2015	1292216
2015	1498818
2015	3025809
2015	1293391
2015	1300820
2015	3278811
2015	25853724
2015	1421933
2015	26383524
2015	1301898
2015	3744561
2015	1292262
2015	25980554
2015	3008469
2015	2224985
2015	1898223
2015	1308777
2015	1422020
2015	4838667
2015	1451911
2015	3250372
2015	24815932
2015	5908480
2015	2078989
2015	1296384
2015	1307150
2015	1855371
2015	1293964
2015	1867066
2015	26325366
2015	1302279
2015	1418194
2015	3836070
2015	5966609
2015	25791850
2015	2378705
2015	1297974
2015	1292468
2015	1291833
2015	1421807
2015	4146527
2015	1499008
2015	6801386
2015	1300945
2015	1296925
2015	1292286
2015	1482072
2015	3148068
2015	3072284
2015	20507271
2015	1309021
2015	1767042
2015	1419856
2015	1291822
2015	1431690
2015	1316537
2015	1295804
2015	1293818
2015	6859676
2015	4724560
2015	1308817
2015	3072086
2015	1291873
2015	5919538
2015	1961938
2015	4728076
2015	4798707
2015	1292047
2015	5150969
2015	1947266
2015	10767500
2015	6900092
2015	1858802
2015	10576419
2015	1306848
2015	10577869
2015	1303509
2015	3602096
2015	1308146
2015	1302912
2015	1292330
2015	1298944
2015	1302827
2015	3006772
2015	1292701
2015	4924142
2015	1296218
2015	2009392
2015	10760030
2015	1301753
2015	1305553
2015	3075287
2015	1305483
2015	1478398
2015	1482316
2015	1292049
2015	1300763
2015	1292343
2015	1484745
2015	1858799
2015	1293013
2015	1292062
2015	4935242
2015	2213597
2015	1308070
2015	4845728
2015	6048729
2015	6048727
2015	26253586
2015	19967496
2015	11537964
2015	2123597
2015	4281835
2015	2357317
2015	26301560
2015	25802874
2015	2008376
2015	1483429
2015	2154470
2015	2340860
2015	1498641
2015	2059622
2015	1294562
2015	1937852
2015	4922809
2015	3243000
2015	1418407
2015	5349359
2015	10430308
2015	2340950
2015	1438274
2015	1853770
2015	1292504
2015	3007825
2015	4116480
2015	1308833
2015	1293530
2015	3073124
2015	1301081
2015	25853715
2015	2147482
2015	1299578
2015	4195804
2015	10833882
2015	1307812
2015	1807966
2015	3022872
2015	1495917
2015	1463390
2015	1292287
2015	4097221
2015	1401962
2015	6425116
2015	26663071
2015	1306861
2015	2997052
2015	4319218
2015	1301715
2015	2464346
2015	1760622
2015	1294345
2015	1292279
2015	4282372
2015	26348784
2015	26348785
2015	26291399
2015	26348782
2015	26348781
2015	4097220
2015	10864754
2015	1920620
2015	1498632
2015	1305224
2015	1300337
2015	3780322
2015	2140658
2015	6309408
2015	1498719
2015	1301340
2015	1329969
2015	1296757
2015	1431732
2015	1308813
2015	3036460
2015	5912992
2015	1298522
2015	1298624
2015	1292703
2015	1307697
2015	3190766
2015	1766827
2015	1316627
2015	1301480
2015	1308774
2015	2294568
2015	1781126
2015	1297630
2015	4719384
2015	1421673
2015	2081376
2015	3734112
2015	1293935
2015	1298245
2015	1292656
2015	1308097
2015	1853752
2015	1440742
2015	1308755
2015	1294245
2015	1301890
2015	1306843
2015	1296909
2015	2028645
2015	1478280
2015	2041876
2015	1293124
2015	1293753
2015	1304660
2015	21348876
2015	1418200
2015	1303450
2015	3102668
2015	1307921
2015	1293394
2015	1309012
2015	3077840
2015	3008672
2015	1293237
2015	1299042
2015	1305152
2015	1292720
2015	1292217
2015	1292370
2015	3007773
2015	4066125
2015	2974278
2015	1300299
2015	4709671
2015	1783549
2015	1309163
2015	6887029
2015	1292780
2015	1304447
2015	1865561
2015	1308865
2015	3233761
2016	6549903
2016	3836070
2016	7015775
2016	1293350
2016	1451911
2016	6849056
2016	1300353
2016	6900092
2016	4066125
2016	10577869
2016	22733673
2016	1292271
2016	1306860
2016	1299877
2016	25730893
2016	4291275
2016	4193254
2016	4731050
2016	1297628
2016	1325958
2016	1316560
2016	10537891
2016	1440954
2016	2038379
2016	2356920
2016	1300955
2016	1900848
2016	1472913
2016	4059245
2016	3718269
2016	2148881
2016	3012013
2016	5279643
2016	1292224
2016	1309027
2016	25707701
2016	25700838
2016	1299362
2016	26831232
2016	10733574
2016	1296659
2016	19976774
2016	1438338
2016	1308810
2016	1293566
2016	4058952
2016	26324750
2016	1298107
2016	1291564
2016	1292218
2016	1291563
2016	4876722
2016	1306724
2016	1300820
2016	4282372
2016	3011308
2016	1950107
2016	1890572
2016	3012012
2016	1291549
2016	2044089
2016	20442988
2016	1305363
2016	3008244
2016	1498641
2016	1294047
2016	3070921
2016	1292281
2016	1306663
2016	1303078
2016	2148869
2016	19975328
2016	25697391
2016	1293155
2016	2325964
2016	1418752
2016	20254243
2016	1309016
2016	1397546
2016	1303341
2016	23415048
2016	25766535
2016	26125779
2016	1294941
2016	3562827
2016	2296816
2016	1297991
2016	1307321
2016	1369747
2016	25892603
2016	25767739
2016	2068474
2016	2056093
2016	4223334
2016	1302279
2016	1461370
2016	1853768
2016	2005723
2016	1781126
2016	3072124
2016	1900841
2016	6097775
2016	1865561
2016	1858802
2016	1293237
2016	2333799
2016	1296217
2016	2209573
2016	1920620
2016	6905169
2016	3123920
2016	1295527
2016	11537965
2016	25917973
2016	2357318
2016	1981242
2016	1307856
2016	1483429
2016	3804629
2016	2140726
2016	1295873
2016	1292208
2016	1299480
2016	24753687
2016	2357317
2016	1304659
2016	1291937
2016	3011051
2016	2303845
2016	25716096
2016	1295070
2016	1827042
2016	1292701
2016	1293182
2016	1301806
2016	5058433
2016	1303467
2016	26699819
2016	1466055
2016	25741290
2016	26430667
2016	5212124
2016	4827369
2016	2346497
2016	1460601
2016	25837799
2016	1949705
2016	5147602
2016	10590080
2016	26582012
2016	1829858
2016	26067821
2016	1455684
2016	6559181
2016	1465450
2016	2075412
2016	1937852
2016	1827342
2016	5999375
2016	3605411
2016	1294303
2016	11505245
2016	26766825
2016	5050158
2016	2209215
2016	25980222
2016	5075492
2016	5985922
2016	26433966
2016	4011672
2016	26706066
2016	1302210
2016	1303086
2016	1401208
2016	2255841
2016	2434764
2016	26200413
2016	3008469
2016	1305647
2016	1478398
2016	1421673
2016	1459399
2016	26356495
2016	5356172
2016	6425116
2016	1301867
2016	1294661
2016	1297024
2016	4728518
2016	21329470
2016	24743696
2016	1306506
2016	6971294
2016	1304310
2016	1903720
2016	2063528
2016	1424620
2016	1292533
2016	4030657
2016	1756073
2016	10747855
2016	26061902
2016	3793078
2016	26356496
2016	4739983
2016	1294570
2016	1303654
2016	25705507
2016	1470246
2016	1786463
2016	2993076
2016	4719384
2016	3111650
2016	2243557
2016	2346499
2016	1466329
2016	1303068
2016	1303174
2016	1463961
2016	26716933
2016	5107048
2016	1304253
2016	1323746
2016	1927369
2016	1292056
2016	4102971
2016	1304447
2016	26665828
2016	1292063
2016	1309160
2016	25890005
2016	1292343
2016	26337866
2016	1291835
2016	1424627
2016	1292214
2016	1292275
2016	10545939
2016	1294756
2016	1298697
2016	1303173
2016	1292222
2016	1293353
2016	1308857
2016	4839318
2016	5215279
2016	1461917
2016	1300930
2016	2156235
2016	1306130
2016	25843022
2016	25766754
2016	1292401
2016	10438582
2016	3072284
2016	4886326
2016	1441801
2016	2156194
2016	1306830
2016	1293950
2016	1297874
2016	1296390
2016	26106958
2016	1297375
2016	3024173
2016	1947283
2016	26293468
2016	24153250
2016	2156231
2016	21329861
2016	1293172
2016	1292349
2016	20020577
2016	1299131
2016	1431732
2016	1291841
2016	5347114
2016	1301502
2016	5088107
2016	3230459
2016	1437096
2016	1461918
2016	1292226
2016	26452846
2016	1308741
2016	1301717
2016	1295467
2016	26253586
2016	3715082
2016	5088242
2016	1293767
2016	1295452
2016	1298506
2016	1304026
2016	2296023
2016	2974278
2016	10430306
2016	10430307
2016	1298467
2016	3275168
2016	1300019
2016	24529346
2016	25863906
2016	1417947
2016	1299383
2016	11593132
2016	22254890
2016	1305902
2016	1293204
2016	4206357
2016	3006309
2016	2333601
2016	21624974
2016	24750126
2016	6786002
2016	10793610
2016	20388224
2016	21941804
2016	1298128
2016	1291992
2016	26637930
2016	10600292
2016	5413813
2016	22011074
2016	25785812
2016	1293908
2016	26779139
2016	3069861
2016	1291873
2016	23011206
2016	24870808
2016	1296792
2016	26756296
2016	2340953
2016	1292780
2016	3278811
2016	25794230
2016	24312921
2016	1303559
2016	1419136
2016	1421863
2016	1434269
2016	4301268
2016	3072086
2016	1291824
2016	10487226
2016	1291853
2016	4191644
2016	1418834
2016	1297447
2016	1297574
2016	26588017
2016	25879952
2016	1292857
2016	25838926
2016	1308397
2016	1293156
2016	6879185
2016	1361276
2016	1300436
2016	1301459
2016	1291843
2016	1459620
2016	4164444
2016	6872240
2016	26461182
2016	1466019
2016	1919230
2016	19949238
2016	1297227
2016	20468389
2016	1401924
2016	25749524
2016	6722879
2016	2295850
2016	3072159
2016	1306524
2016	3190766
2016	3987389
2016	1433577
2016	2365260
2016	3069347
2016	1303034
2016	25810914
2016	25803933
2016	1291836
2016	1878616
2016	1292216
2016	1433111
2016	3024156
2016	1461440
2016	2070595
2016	3546027
2016	2999387
2016	1306041
2016	1301890
2016	1294808
2016	1433567
2016	26461184
2016	25770510
2016	1296929
2016	1308524
2016	2132473
2016	1297007
2016	20388419
2016	1793903
2016	1293706
2016	4323606
2016	1422908
2016	1292601
2016	1296044
2016	1298310
2016	1293658
2016	1292867
2016	25770540
2016	1293748
2016	1295225
2016	3992627
2016	1422957
2016	1418998
2016	1298759
2016	10558422
2016	1291832
2016	7564989
2016	2138404
2016	1292067
2016	6521506
2016	25732315
2016	26581263
2016	19972797
2016	26598136
2016	26580846
2016	26580847
2016	19940328
2016	26580854
2016	26580856
2016	26581264
2016	26580836
2016	26581267
2016	26580866
2016	26581276
2016	26581277
2016	26581278
2016	26581279
2016	1307405
2016	3794428
2016	2349359
2016	3036997
2016	3080192
2016	3338851
2016	3158449
2016	1292528
2016	1298505
2016	1292287
2016	6781971
2016	1292000
2016	1297514
2016	1498675
2016	3066008
2016	1401962
2016	1305367
2016	1950148
2016	1305456
2016	1316580
2016	1300487
2016	1301122
2016	2997076
2016	10741871
2016	2409353
2016	6384752
2016	1291877
2016	1303555
2016	1299292
2016	1299193
2016	1301636
2016	1293271
2016	2010972
2016	2305317
2016	6886518
2016	3162138
2016	1793929
2016	1301646
2016	24470523
2016	2156069
2016	1303459
2016	1438066
2016	26580845
2016	1295646
2016	26602281
2017	1394342
2017	1303173
2017	1292207
2017	4873490
2017	1294789
2017	1293226
2017	1466412
2017	4075429
2017	1466414
2017	1431694
2017	3804891
2017	1424631
2017	1299521
2017	2347433
2017	1466037
2017	1389915
2017	1297131
2017	1908913
2017	1466403
2017	4876722
2017	1401915
2017	3193502
2017	1461026
2017	2181462
2017	25733200
2017	6506506
2017	10574622
2017	2003404
2017	1401269
2017	1292401
2017	1296929
2017	1431690
2017	3006769
2017	2365260
2017	1437313
2017	1482707
2017	1308777
2017	3649049
2017	3780322
2017	1438845
2017	26952153
2017	26732270
2017	4067285
2017	1313473
2017	26682875
2017	26979982
2017	26430669
2017	26365262
2017	26276385
2017	2349359
2017	1292208
2017	26430668
2017	11529526
2017	10430308
2017	26611076
2017	26786563
2017	25691882
2017	26928304
2017	27003653
2017	27062894
2017	26752764
2017	27062893
2017	2052017
2017	26953566
2017	26717494
2017	25741398
2017	26631663
2017	26953570
2017	2294568
2017	1857175
2017	6011805
2017	1292218
2017	1292223
2017	1306614
2017	6080775
2017	3395437
2017	3546019
2017	1295078
2017	6011806
2017	6776051
2017	1297879
2017	21337258
2017	1291830
2017	1293391
2017	1297082
2017	3193264
2017	2153526
2017	1299396
2017	26705627
2017	1305348
2017	4090642
2017	25957004
2017	10505874
2017	1305630
2017	1755630
2017	1294693
2017	11533549
2017	1891179
2017	27191236
2017	1418665
2017	1307702
2017	4090557
2017	1419969
2017	6799191
2017	25757259
2017	25917239
2017	27045204
2017	2348223
2017	24522026
2017	1417947
2017	2140627
2017	26723914
2017	2044467
2017	1844192
2017	1461403
2017	1292533
2017	4097221
2017	26245360
2017	10457306
2017	1303816
2017	3012924
2017	21349048
2017	25703320
2017	1889242
2017	1300992
2017	1298525
2017	2057495
2017	1292659
2017	3032429
2017	1422020
2017	1296519
2017	1297574
2017	2346497
2017	1295409
2017	6724667
2017	25745651
2017	11528235
2017	11502912
2017	1307200
2017	26640841
2017	2285468
2017	1416906
2017	1438041
2017	2363569
2017	4935242
2017	1303559
2017	1306506
2017	1302210
2017	1463961
2017	1295120
2017	6048727
2017	1304571
2017	1303086
2017	5422571
2017	6853871
2017	1437368
2017	1855131
2017	1869346
2017	26599902
2017	1947270
2017	6048729
2017	10810270
2017	2259312
2017	1294518
2017	26369445
2017	26059437
2017	25902322
2017	4896305
2017	27034884
2017	3299241
2017	7062609
2017	1388175
2017	5343629
2017	1945336
2017	1292720
2017	1483630
2017	1305526
2017	10831445
2017	1417598
2017	1395776
2017	11627061
2017	2078989
2017	1945780
2017	7058117
2017	1478066
2017	11625164
2017	3285642
2017	10746136
2017	20389706
2017	1451911
2017	3778246
2017	1950148
2017	2294565
2017	24716045
2017	2084792
2017	25798222
2017	3243000
2017	25881067
2017	1820145
2017	2074700
2017	20426973
2017	1945253
2017	2340860
2017	25705749
2017	1388180
2017	3806784
2017	26412188
2017	26607557
2017	1303043
2017	1763931
2017	11501396
2017	3047617
2017	2409353
2017	1291548
2017	10537853
2017	1780330
2017	26671329
2017	10590080
2017	26870605
2017	2326158
2017	2148778
2017	1915342
2017	26874886
2017	7046723
2017	25711972
2017	26910332
2017	3274505
2017	1296703
2017	35708585
2017	26658584
2017	1291857
2017	2333700
2017	3626416
2017	1299204
2017	26358493
2017	1295686
2017	1299330
2017	1482107
2017	2326174
2017	3568398
2017	26313624
2017	1309085
2017	1920620
2017	1292664
2017	1309060
2017	25848260
2017	2333729
2017	1907464
2017	10760030
2017	10549222
2017	1300267
2017	1292778
2017	1291576
2017	26431420
2017	3005365
2017	1307708
2017	3734112
2017	1459786
2017	1292863
2017	6309408
2017	1307696
2017	1759386
2017	2121860
2017	2138409
2017	10807909
2017	1308722
2017	1472247
2017	26299424
2017	6849056
2017	2131459
2017	2998253
2017	1305182
2017	1421807
2017	4902933
2017	3724056
2017	1298909
2017	1962116
2017	1532596
2017	4798707
2017	22733673
2017	24743696
2017	6985803
2017	1306472
2017	1395459
2017	6887029
2017	1291876
2017	2009392
2017	1401481
2017	1291976
2017	3102668
2017	1305085
2017	3094909
2017	4833562
2017	3794428
2017	1401130
2017	1919230
2017	1428301
2017	10744836
2017	4282171
2017	1394495
2017	2142197
2017	1467759
2017	1498632
2017	24723061
2017	7051357
2017	4812830
2017	1891211
2017	3079384
2017	1937380
2017	1439106
2017	3093016
2017	2124586
2017	1294990
2017	6053679
2017	1301217
2017	2159056
2017	2357302
2017	1307956
2017	1300300
2017	1448722
2017	1299238
2017	3444433
2017	1296141
2017	1297646
2017	2225432
2017	6879185
2017	1844186
2017	4038441
2017	1767042
2017	1296078
2017	1295873
2017	11537965
2017	1293566
2017	1307766
2017	1300487
2017	3114111
2017	1294477
2017	25772380
2017	2132220
2017	1309015
2017	1472046
2017	1829282
2017	1478064
2017	1461964
2017	1418076
2017	1949369
2017	26313637
2017	1389949
2017	26649041
2017	1507248
2017	3022095
2017	1424639
2017	1482691
2017	1528848
2017	3078609
2017	3757313
2017	4102971
2017	1293146
2017	1292217
2017	7059561
2017	1308211
2017	25957011
2017	1434272
2017	1467748
2017	26836588
2017	26022182
2017	4290367
2017	2123512
2017	3034034
2017	11803087
2017	3771562
2017	1293792
2017	1300868
2017	7015714
2017	3155839
2017	3048124
2017	1440283
2017	1297474
2017	4290360
2017	25890005
2017	2999530
2017	25722318
2017	25749943
2017	30403294
2017	35911795
2017	1424627
2017	2279152
2017	2225607
2017	1292663
2017	1464345
2017	1303705
2017	1292335
2017	1303698
2017	1295804
2017	1309162
2017	1459620
2017	1291937
2017	1305175
2017	3070921
2017	1440580
2017	1292268
2017	3732800
2017	1783772
2017	2568005
2017	1401962
2017	11525673
2017	1293868
2017	1306830
2017	1419856
2017	1401185
2017	1307812
2017	1898223
2017	10430307
2017	1291584
2017	1291580
2017	24525283
2017	1986919
2017	25767747
2017	1437775
2017	1298456
2017	24870808
2017	10430306
2017	1294007
2017	1292219
2017	24750126
2017	1301465
2017	4728518
2017	1302325
2017	1305978
2017	1301198
2017	1291554
2017	3749947
2017	4290482
2017	24002191
2017	1299005
2017	1306013
2017	1305620
2017	20278505
2017	1307970
2017	1304641
2017	5338937
2017	1292065
2017	26106958
2017	1297126
2017	3205624
2017	2264077
2017	3230459
2017	1292468
2017	3077791
2017	4233880
2017	1301061
2017	1297092
2017	1293748
2017	1468080
2017	3711672
2017	6799197
2017	25770540
2017	3724033
2017	5964718
2017	2084794
2017	1422947
2017	1305015
2017	1297187
2017	5061843
2017	1498717
2017	1293530
2017	1821545
2017	1307980
2017	1483955
2017	1307423
2017	1797500
2017	1401282
2017	1295374
2017	10600292
2017	1419942
2017	1794435
2017	3626372
2017	1292213
2017	3179741
2017	1308745
2017	1293271
2017	1299398
2017	3602096
2017	1787291
2017	3321409
2017	1307219
2017	10545939
2017	1978709
2017	1293818
2017	4721293
2017	1297991
2017	1296185
2017	1297923
2017	1300108
2017	1300954
2017	26383524
2017	26885427
2017	26797454
2017	6872244
2017	1293950
2017	1297874
2017	2243999
2017	2160611
2017	2129479
2017	1293323
2017	4826409
2017	26614105
2017	1298697
2017	1292222
2017	1401383
2017	26712057
2017	3332628
2017	1306505
2017	25890939
2017	1304596
2017	26831232
2017	1302795
2017	1466419
2017	1292220
2017	1294387
2017	5318669
2017	24860289
2017	1305913
2017	1309235
2017	26807958
2017	1416877
2017	25853724
2017	26337866
2017	3123920
2017	1298505
2017	14072900
2017	1438025
2017	1756057
2017	1878616
2017	2063528
2017	1471507
2017	1308799
2017	25803933
2017	19967790
2017	24753687
2017	1296908
2017	4268598
2017	22994672
2017	1437315
2017	19949238
2017	4724560
2017	1296436
2017	1433417
2017	1296867
2017	26452846
2017	26425075
2017	1463240
2017	1305088
2017	6425116
2017	1296669
2017	25917973
2017	3275168
2017	1316513
2017	1293371
2017	1422952
2017	1300955
2017	1862151
2017	1308857
2017	1329950
2017	1292271
2017	1299362
2017	1764333
2017	1294139
2017	1303485
2017	3319755
2017	25853710
2017	1418070
2017	1300353
2017	2259727
2017	1301122
2017	1301902
2017	1306526
2017	1440958
2017	3768185
2017	2210374
2017	3593931
2017	1448751
2017	1300375
2017	1293929
2017	1292719
2017	2010972
2017	1308162
2017	1294103
2017	1484750
2017	20020577
2017	1422040
2017	26452870
2017	7062596
2017	1299131
2017	1291841
2017	1292226
2017	1292349
2017	1306982
2017	26602281
2017	3543690
2017	4073898
2017	1980954
2018	5157309
2018	5181556
2018	1431761
2018	1293172
2018	26984189
2018	1295225
2018	30256023
2018	1301340
2018	1308498
2018	30194769
2018	2154470
2018	26925317
2018	1292401
2018	30377785
2018	30336318
2018	30268948
2018	30146756
2018	1361276
2018	1297517
2018	26900391
2018	30185415
2018	30316976
2018	30181130
2018	27125448
2018	1291879
2018	25733522
2018	26779571
2018	26959074
2018	27615398
2018	26647117
2018	1307219
2018	27077266
2018	30206431
2018	30331093
2018	27065154
2018	4304402
2018	27069377
2018	28510273
2018	30156290
2018	30238972
2018	26949216
2018	26329311
2018	2284851
2018	30393519
2018	30149863
2018	1297589
2018	26388969
2018	3198218
2018	4721293
2018	1299059
2018	2156231
2018	26717467
2018	1296196
2018	1303077
2018	1301260
2018	30234315
2018	26353884
2018	6123863
2018	3072381
2018	1461918
2018	27119292
2018	26821404
2018	26304901
2018	3272985
2018	1303042
2018	4908784
2018	1303341
2018	1448743
2018	1308038
2018	26814623
2018	26879607
2018	30161258
2018	27065128
2018	26958502
2018	1291864
2018	2340953
2018	11500954
2018	1294737
2018	21941804
2018	1296679
2018	1293107
2018	1293663
2018	1295399
2018	1293310
2018	1293847
2018	26732270
2018	27147739
2018	1297880
2018	26894602
2018	26247311
2018	24882562
2018	30167539
2018	1293401
2018	1424630
2018	26306656
2018	1299436
2018	1303080
2018	1305327
2018	2132907
2018	1305261
2018	1292330
2018	1300195
2018	1304975
2018	27200835
2018	1440954
2018	10600292
2018	25837262
2018	26631663
2018	1292049
2018	1580586
2018	1468748
2018	1305085
2018	4719242
2018	1466329
2018	30315018
2018	1305367
2018	1293237
2018	27072795
2018	26924748
2018	26710371
2018	1760622
2018	25855071
2018	1419856
2018	3724033
2018	26349397
2018	26772204
2018	26778790
2018	1787291
2018	25697098
2018	3024155
2018	2214120
2018	5088314
2018	30423908
2018	4002553
2018	2342386
2018	26952153
2018	1438021
2018	3070653
2018	1483903
2018	1291824
2018	1308252
2018	1297683
2018	26799232
2018	11537965
2018	6753589
2018	25895901
2018	1309001
2018	1305483
2018	26389928
2018	3444553
2018	3008247
2018	1304771
2018	5338937
2018	3321409
2018	1291877
2018	27060142
2018	27109251
2018	27046423
2018	2349359
2018	27135751
2018	1303021
2018	1459620
2018	10430307
2018	2294565
2018	1291554
2018	30238932
2018	26974696
2018	26974695
2018	1438066
2018	21961979
2018	6786002
2018	2333602
2018	1304641
2018	1304826
2018	21337258
2018	1298207
2018	10430306
2018	1293303
2018	1351675
2018	27075281
2018	1291549
2018	26899030
2018	1294639
2018	1299112
2018	1293839
2018	26241402
2018	1999622
2018	1292225
2018	1293544
2018	1295686
2018	26705627
2018	1461403
2018	11593132
2018	1887829
2018	2209575
2018	1296669
2018	27018258
2018	26648249
2018	10491649
2018	1301171
2018	2997052
2018	1291576
2018	1297743
2018	1304669
2018	1424632
2018	6985810
2018	2357318
2018	24743696
2018	3602096
2018	1301105
2018	2132889
2018	1495917
2018	1292468
2018	1307766
2018	24874401
2018	7052636
2018	3039187
2018	1294963
2018	1962116
2018	1293323
2018	25853727
2018	1865656
2018	1296141
2018	2144584
2018	1307321
2018	26616719
2018	2998253
2018	20388223
2018	1292216
2018	1424631
2018	1308366
2018	1483955
2018	26723914
2018	1493578
2018	2357317
2018	27098888
2018	1298759
2018	6425116
2018	26588017
2018	26694988
2018	26353881
2018	3443389
2018	1299365
2018	1793929
2018	1306505
2018	25807345
2018	1296837
2018	26245360
2018	1301198
2018	26461166
2018	1299603
2018	1292000
2018	1862151
2018	20514902
2018	3077840
2018	1304667
2018	1302705
2018	2138310
2018	1305224
2018	1441191
2018	1421676
2018	1308264
2018	26312936
2018	1394825
2018	1298107
2018	10537853
2018	26957500
2018	27019527
2018	1300752
2018	1890572
2018	2044089
2018	26607721
2018	1302455
2018	27620110
2018	1467759
2018	2057491
2018	1401268
2018	3069861
2018	27602120
2018	1293350
2018	1308857
2018	27046403
2018	26891435
2018	26894888
2018	3277567
2018	1309032
2018	27073291
2018	1296436
2018	1395546
2018	1296266
2018	1308369
2018	1394495
2018	2138404
2018	25802874
2018	1788940
2018	1306830
2018	1309004
2018	1295831
2018	27127193
2018	1305720
2018	27098983
2018	1295940
2018	1304060
2018	1300894
2018	2057479
2018	26461158
2018	1300185
2018	6888717
2018	26594205
2018	1480492
2018	27146777
2018	3094696
2018	27098660
2018	27107189
2018	1829282
2018	1822215
2018	11529526
2018	1307708
2018	5347114
2018	26268515
2018	25662976
2018	2336735
2018	1857287
2018	1299994
2018	19944204
2018	1483445
2018	1292533
2018	1947080
2018	1401920
2018	1307427
2018	3022095
2018	1483428
2018	1307688
2018	1440742
2018	4290676
2018	26671329
2018	10733574
2018	1421976
2018	6396294
2018	26426047
2018	1761920
2018	1300199
2018	2138427
2018	1962939
2018	1440629
2018	1308774
2018	1308741
2018	1844192
2018	1295873
2018	1305978
2018	3006327
2018	1297928
2018	2214366
2018	1308211
2018	1307112
2018	1417999
2018	2123597
2018	1946867
2018	1767042
2018	1401282
2018	1294693
2018	24753687
2018	1296757
2018	1299026
2018	1308831
2018	1307394
2018	1306524
2018	10831445
2018	4291275
2018	1305902
2018	1306506
2018	1307703
2018	2340860
2018	1291828
2018	30234202
2018	1427862
2018	1304076
2018	1292911
2018	3069320
2018	4294232
2018	3706859
2018	6039190
2018	1298467
2018	2136122
2018	1301620
2018	3243742
2018	1797500
2018	2464346
2018	2122829
2018	3212133
2018	3039823
2018	10438582
2018	1422907
2018	1424627
2018	1305543
2018	4751865
2018	1292457
2018	1787277
2018	5061843
2018	1418570
2018	3008671
2018	5167833
2018	2568005
2018	1472907
2018	1297187
2018	1309066
2018	1307856
2018	5318668
2018	4323606
2018	3062990
2018	2230905
2018	1304596
2018	26106958
2018	30215113
2018	4142156
2018	26881147
2018	3792848
2018	1850963
2018	1296705
2018	20398992
2018	26885188
2018	26861424
2018	30215114
2018	6875377
2018	1293019
2018	1305363
2018	26964424
2018	26775403
2018	30200437
2018	26765488
2018	1292769
2018	1299441
2018	1302573
2018	1461985
2018	1821545
2018	2216828
2018	1401130
2018	1293934
2018	3153700
2018	1293034
2018	1299578
2018	1306303
2018	1422067
2018	1873750
2018	1297879
2018	1309226
2018	5215275
2018	1307678
2018	2136824
2018	1295284
2018	26872495
2018	1302413
2018	26705890
2018	1758581
2018	1467044
2018	3008672
2018	3138605
2018	25862324
2018	2344893
2018	1919230
2018	1422040
2018	25917973
2018	1768184
2018	2134296
2018	1329969
2018	10545939
2018	1292215
2018	5097979
2018	11502496
2018	1434275
2018	10576419
2018	6128922
2018	1307210
2018	25940902
2018	3445586
2018	1483424
2018	1306206
2018	4728518
2018	1484675
2018	1306860
2018	1498719
2018	1292402
2018	1308799
2018	3671085
2018	1780122
2018	1304534
2018	1449845
2018	1482072
2018	1767113
2018	25749833
2018	3188328
2018	1308346
2018	1434171
2018	2063528
2018	1304489
2018	4281835
2018	2028645
2018	1308745
2018	30167039
2018	30167038
2018	1291992
2018	4724560
2018	3007825
2018	5157137
2018	6390832
2018	25980222
2018	1900121
2018	1418076
2018	1483218
2018	2052978
2018	3732800
2018	2059622
2018	1434283
2018	1296218
2018	26861970
2018	1980825
2018	1306605
2018	1291835
2018	20020577
2018	26242647
2018	1484745
2018	3743049
2018	3313801
2018	1300678
2018	1309235
2018	4707935
2018	25697391
2018	1301898
2018	4102971
2018	1438845
2018	4837005
2018	1755630
2018	1296124
2018	25728581
2018	3047728
2018	1305630
2018	2059321
2018	26434795
2018	1307014
2018	1305703
2018	1418605
2018	3284430
2018	4731050
2018	1389915
2018	1300945
2018	11625164
2018	1292206
2018	26337866
2018	2968813
2018	1507248
2018	1293748
2018	2136259
2018	2136261
2018	2136260
2018	1299292
2018	1759548
2018	1296253
2018	2139766
2018	1291550
2018	4223334
2018	1307125
2018	24839101
2018	3768185
2018	1296659
2018	25957004
2018	2149806
2018	1307332
2018	1298128
2018	2350252
2018	1416435
2018	2347151
2018	1300056
2018	4282372
2018	5183361
2018	1498818
2018	25890005
2018	1295451
2018	1305647
2018	25917239
2018	1291558
2018	1294136
2018	1297646
2018	2136262
2018	5279979
2018	3562471
2018	2038379
2018	1304022
2018	1303148
2018	4876722
2018	1498641
2018	1787541
2018	1308747
2018	1303485
2018	1428301
2018	36534418
2018	36534419
2018	36534248
2019	3205445
2019	30364903
2019	26353884
2019	1439400
2019	6971294
2019	1303042
2019	26633257
2019	6097775
2019	3272985
2019	26899030
2019	27021257
2019	27045950
2019	6123863
2019	26304901
2019	26821404
2019	26337866
2019	1292206
2019	1780122
2019	26831232
2019	2136260
2019	2136261
2019	2136259
2019	26801198
2019	1308038
2019	27072795
2019	2040021
2019	26022182
2019	26631663
2019	1308366
2019	30181405
2019	1294756
2019	1304920
2019	20514902
2019	21941804
2019	25917973
2019	1431761
2019	1463958
2019	30228640
2019	1873751
2019	1294287
2019	1291864
2019	2157507
2019	27098888
2019	26894602
2019	26799232
2019	26772204
2019	26857691
2019	1299261
2019	4876722
2019	20020577
2019	27077266
2019	1298107
2019	26616719
2019	26383524
2019	1438025
2019	1296757
2019	1448743
2019	23431760
2019	24743696
2019	30446517
2019	1294693
2019	10491649
2019	26984189
2019	1351675
2019	30128122
2019	4102971
2019	26861970
2019	1301372
2019	26705627
2019	1304975
2019	1361276
2019	27019527
2019	2042226
2019	1457015
2019	26353881
2019	5041579
2019	1292217
2019	27119292
2019	1293401
2019	1297880
2019	1306605
2019	25853724
2019	19966572
2019	26245360
2019	6519575
2019	21359627
2019	25957004
2019	25761178
2019	1308306
2019	27009738
2019	1296669
2019	1763626
2019	26656333
2019	1307777
2019	1459373
2019	1299257
2019	1292215
2019	1309115
2019	4290482
2019	1422020
2019	1394315
2019	1294181
2019	1763640
2019	4189670
2019	1293153
2019	1294382
2019	30256024
2019	1756057
2019	26586806
2019	4268598
2019	10430306
2019	1438018
2019	1456782
2019	1925019
2019	1303574
2019	1304017
2019	1297991
2019	4822239
2019	25855311
2019	1303576
2019	30269402
2019	1301089
2019	1962574
2019	30181130
2019	1293271
2019	26738204
2019	10430307
2019	1307970
2019	1307201
2019	1306206
2019	26215216
2019	3033864
2019	25768089
2019	1389915
2019	10741220
2019	1862151
2019	26657126
2019	5338937
2019	1461403
2019	3008469
2019	1295873
2019	1293182
2019	4710425
2019	3147497
2019	25890005
2019	1308074
2019	1329969
2019	25895901
2019	26952153
2019	25934339
2019	27047917
2019	1298624
2019	1291554
2019	4281835
2019	4899549
2019	1785914
2019	1297000
2019	1298759
2019	26600786
2019	26988000
2019	30451891
2019	1438689
2019	3168089
2019	10485647
2019	25786060
2019	26437105
2019	1293391
2019	1758224
2019	1302061
2019	1293306
2019	1437023
2019	1297813
2019	1291857
2019	3742993
2019	10741871
2019	26954003
2019	1291853
2019	1302966
2019	1292504
2019	1299005
2019	1304971
2019	24874401
2019	1292863
2019	1939009
2019	2147098
2019	3806548
2019	4120616
2019	3214063
2019	1306625
2019	1827999
2019	5050221
2019	5094638
2019	3025379
2019	1293797
2019	25716096
2019	1293868
2019	5158369
2019	2146588
2019	3532588
2019	1848198
2019	1299868
2019	1498632
2019	1302466
2019	3546035
2019	1347376
2019	4097178
2019	1422273
2019	6530607
2019	1451563
2019	26648249
2019	1293876
2019	6532848
2019	4832288
2019	1467748
2019	1883634
2019	2000689
2019	1431719
2019	1883642
2019	3697556
2019	24882562
2019	5360889
2019	1297511
2019	3069861
2019	2225607
2019	1483445
2019	26987999
2019	1461964
2019	27191492
2019	26717467
2019	26602281
2019	26694988
2019	3724033
2019	1482853
2019	26778790
2019	27125486
2019	33402260
2019	1528848
2019	11537965
2019	1464171
2019	1389949
2019	10600292
2019	1297092
2019	3768185
2019	3319755
2019	3626372
2019	5041518
2019	27149755
2019	26288174
2019	1483428
2019	2148619
2019	1448751
2019	27037053
2019	25814705
2019	25814707
2019	4896295
2019	26910059
2019	2123597
2019	1304560
2019	1418076
2019	5327189
2019	1305367
2019	1299986
2019	26957500
2019	1292402
2019	4009651
2019	2059622
2019	1296218
2019	1316513
2019	24860289
2019	3162138
2019	30391300
2019	1432699
2019	26588017
2019	26679188
2019	6425116
2019	2340953
2019	1303485
2019	1305902
2019	3335371
2019	1431962
2019	1886877
2019	1316626
2019	26372545
2019	4176542
2019	1829282
2019	1307702
2019	1422040
2019	2279152
2019	26759825
2019	26969120
2019	1292219
2019	25698399
2019	7062609
2019	3732800
2019	10537853
2019	1962116
2019	27017673
2019	1459620
2019	6786002
2019	1304659
2019	1950107
2019	1296436
2019	1292468
2019	25802874
2019	1305543
2019	1306130
2019	26785590
2019	30162055
2019	1394495
2019	30427480
2019	30451893
2019	1756073
2019	26959074
2019	6985810
2019	1291876
2019	27110660
2019	1308208
2019	1427439
2019	26942621
2019	1309235
2019	26649041
2019	1299042
2019	30423539
2019	1291865
2019	1305567
2019	27166414
2019	10508921
2019	1308741
2019	26719781
2019	1300894
2019	1307766
2019	26461158
2019	1472046
2019	2997052
2019	4323606
2019	30234315
2019	1301459
2019	3026357
2019	2136824
2019	21263666
2019	26312936
2019	1309087
2019	1304060
2019	26820836
2019	3321409
2019	1467759
2019	24750126
2019	20514947
2019	24858414
2019	30152861
2019	30206431
2019	1297513
2019	1293929
2019	1293566
2019	1298755
2019	1307708
2019	26361613
2019	1422286
2019	1395459
2019	25893369
2019	3017906
2019	30174107
2019	1307112
2019	26349397
2019	26682914
2019	30425465
2019	2326158
2019	2084792
2019	1294007
2019	2224985
2019	4843637
2019	1302795
2019	4833562
2019	1308722
2019	1891179
2019	30194769
2019	1301168
2019	3821067
2019	7564989
2019	6432898
2019	26627704
2019	2240656
2019	1472238
2019	27148198
2019	20266517
2019	2346460
2019	2138409
2019	33387148
2019	26678509
2019	26785580
2019	34436400
2019	1401481
2019	1307688
2019	6843843
2019	27066187
2019	34809115
2019	26844922
2019	2154470
2019	3264844
2019	2148611
2019	1433701
2019	3115174
2019	26647163
2019	26430668
2019	26296258
2019	30256021
2019	1944901
2019	2342386
2019	2995198
2019	1301136
2019	1856436
2019	1434272
2019	1464526
2019	1294735
2019	26430667
2019	1421809
2019	1310166
2019	1303451
2019	26635427
2019	26710371
2019	1434171
2019	26247311
2019	1937852
2019	3266406
2019	3332463
2019	26379018
2019	6519585
2019	1292048
2019	1292049
2019	1292047
2019	1309226
2019	1307150
2019	1424627
2019	1465463
2019	3992657
2019	11527487
2019	1401175
2019	1300267
2019	3070653
2019	1421673
2019	3273700
2019	3681671
2019	1986919
2019	3093279
2019	33459931
2019	1859100
2019	2284433
2019	1433579
2019	1783537
2019	3271319
2019	1434269
2019	1432669
2019	1293399
2019	1292349
2019	27185648
2019	2357317
2019	2148778
2019	1394530
2019	1481014
2019	1293936
2019	1292472
2019	1483878
2019	1304379
2019	30301264
2019	34875652
2019	30334489
2019	33419615
2019	27615397
2019	34459705
2019	30256777
2019	30441362
2019	25717834
2019	27119853
2019	10771202
2019	1292579
2019	30444933
2019	3291207
2019	30209085
2019	26756220
2019	1299995
2019	30481809
2019	26642163
2019	27018299
2019	2346497
2019	1482691
2019	10543691
2019	1498713
2019	27109879
2019	4002553
2019	2294568
2019	1765185
2019	1297422
2019	26900391
2019	1293172
2019	1307707
2019	26677788
2019	1313473
2019	26847445
2019	26379657
2019	1292288
2019	1307886
2019	3010182
2019	21767183
2019	1293460
2019	1937380
2019	4735151
2019	1301074
2019	26677495
2019	1307117
2019	34795703
2019	33459937
2019	1300056
2019	4097221
2019	34902820
2019	34902819
2019	34902822
2019	26959115
2019	30327768
2019	33955303
2019	27059935
2019	26935281
2019	34429460
2019	27061561
2019	30365496
2019	30366635
2019	26278473
2019	30344320
2019	20469905
2019	34919070
2019	34919071
2019	34919063
2019	34936457
2020	1304920
2020	1307910
2020	27199776
2020	1303698
2020	26649041
2020	1307886
2020	1297422
2020	30442351
2020	25957004
2020	25716096
2020	30206431
2020	25814705
2020	27066187
2020	1329969
2020	1937844
2020	27098888
2020	1483426
2020	30427480
2020	4876722
2020	27037053
2020	20266517
2020	1431761
2020	1292288
2020	26550176
2020	26799232
2020	26957500
2020	1292206
2020	26633257
2020	2340953
2020	1307320
2020	1293401
2020	1440954
2020	25761178
2020	1304534
2020	30209084
2020	27119292
2020	1780122
2020	1300056
2020	1293460
2020	4832288
2020	26337866
2020	20514902
2020	1466263
2020	1920630
2020	30423539
2020	26923111
2020	1323746
2020	1424632
2020	30209086
2020	1296757
2020	1421673
2020	2333601
2020	26722604
2020	1306505
2020	27180759
2020	3039187
2020	1419052
2020	1947116
2020	2969582
2020	26677495
2020	1291876
2020	27166414
2020	1424627
2020	1401269
2020	26972258
2020	24860289
2020	2326158
2020	26602281
2020	5327189
2020	27009738
2020	26372545
2020	1293391
2020	26928304
2020	26647163
2020	1763931
2020	2148881
2020	25895901
2020	27072795
2020	26964415
2020	1308010
2020	34676682
2020	1307067
2020	27191492
2020	25893369
2020	2074700
2020	1389915
2020	26987999
2020	27077266
2020	26710371
2020	2084794
2020	1299624
2020	10741220
2020	26910059
2020	26648249
2020	30135942
2020	26304167
2020	1291828
2020	30257175
2020	1305085
2020	1299204
2020	1755695
2020	2051929
2020	1292504
2020	1302077
2020	1465450
2020	1498668
2020	1418019
2020	1293200
2020	27047917
2020	1433701
2020	26379018
2020	1297923
2020	26245360
2020	2138486
2020	35212192
2020	1422186
2020	1439106
2020	1434273
2020	10491649
2020	1438091
2020	1424629
2020	2214120
2020	2311159
2020	1294951
2020	1303533
2020	1292719
2020	1303528
2020	2326174
2020	1307708
2020	1293241
2020	2084792
2020	1298672
2020	1294343
2020	1302815
2020	1293271
2020	1300779
2020	1298375
2020	1361276
2020	2333729
2020	2333700
2020	21767183
2020	1293858
2020	3069861
2020	26586806
2020	1433560
2020	1299485
2020	1295946
2020	11537964
2020	1303571
2020	1294781
2020	11528251
2020	25917973
2020	1302213
2020	3724033
2020	25934339
2020	4910842
2020	27017673
2020	1296183
2020	26847445
2020	5338937
2020	26952153
2020	2355756
2020	3027219
2020	3093279
2020	1302210
2020	6518756
2020	1303801
2020	1466037
2020	3080192
2020	30194320
2020	1462569
2020	1947677
2020	25697098
2020	3011022
2020	1401924
2020	1307015
2020	10537845
2020	1304060
2020	2148797
2020	1302466
2020	26972678
2020	5122160
2020	26954566
2020	2375631
2020	20514947
2020	33459931
2020	2294568
2020	25802874
2020	1304560
2020	1755283
2020	1304068
2020	24706550
2020	1304817
2020	1303534
2020	1787128
2020	1294039
2020	30268948
2020	1421309
2020	1298619
2020	3577094
2020	1293776
2020	1421676
2020	1787129
2020	26461158
2020	1438689
2020	2080554
2020	1783537
2020	21354767
2020	1844188
2020	1296976
2020	2057495
2020	26988000
2020	1294486
2020	1293632
2020	1302675
2020	1844192
2020	2330077
2020	1294140
2020	1293388
2020	2005841
2020	3048123
2020	26974725
2020	26312936
2020	27148198
2020	10566664
2020	4896295
2020	34958725
2020	10484041
2020	1307318
2021	1303534
2021	27037053
2021	34955335
2021	27191492
2021	30331149
2021	25814707
2021	2123597
2021	1424627
2021	26245360
2021	3330071
2021	1434272
2021	1296976
2021	1465466
2021	26022182
2021	26215216
2021	30150661
2021	1421309
2021	26957500
2021	30181130
2021	1293776
2021	2005841
2021	30200427
2021	25716096
2021	11537964
2021	30206431
2021	1292206
2021	1307577
2021	1937852
2021	2148611
2021	1424630
2021	1308211
2021	1294991
2021	26436416
2021	1294486
2021	24526813
2021	1780122
2021	26979204
2021	1293632
2021	1293388
2021	1873751
2021	27180759
2021	1302675
2021	1294140
2021	26340522
2021	11528251
2021	26820836
2021	20514902
2021	26874505
2021	1306870
2021	1329969
2021	1300199
2021	10491649
2021	1313473
2021	1308456
2021	24874401
2021	2969582
2021	30209086
2021	27072795
2021	30291552
2021	35038664
2021	26586806
2021	26900391
2021	25917973
2021	26648249
2021	2340953
2021	1296218
2021	1438091
2021	1418076
2021	1394495
2021	1296436
2021	27066187
2021	26910059
2021	27185648
2021	27018258
2021	26337866
2021	1431761
2021	26247311
2021	3039187
2021	26935675
2021	2357317
2021	1307698
2021	1456782
2021	1309235
2021	27042494
2021	1440954
2021	26694988
2021	1305367
2021	26923111
2021	1303173
2021	26715636
2021	1305902
2021	4876722
2021	3724033
2021	1472234
2021	1303341
2021	30188243
2021	2333602
2021	25895901
2021	4002553
2021	26870605
2021	26671329
2021	10733574
2021	26874886
2021	27056973
2021	25768090
2021	27611420
2021	26658584
2021	1294039
2021	1768184
2021	1433112
2021	1440580
2021	30310218
2021	1756582
2021	30209085
2021	34964138
2021	27019527
2021	30209084
2021	3752647
2021	1293557
2021	30189817
2021	26847445
2021	33218259
2021	10430307
2021	1294208
2021	26772204
2021	27591708
2021	26738204
2021	1297000
2021	1428208
2021	34958725
2021	1307743
2021	26969120
2021	10484041
2021	25934339
2021	5338937
2021	1807966
2021	1483428
2021	30252334
2021	1307320
2021	3901443
2021	1304920
2021	30307237
2021	26391951
2021	1305567
2021	4290482
2021	1483955
2021	1305690
2021	24696729
2021	30132524
2021	1299398
2021	1292213
2021	2346497
2021	1301074
2021	1302466
2021	2033873
2021	4724560
2021	30335662
2021	1429139
2021	1303948
2021	1303463
2021	1303526
2021	1303685
2021	25859495
2021	11615929
2021	26550176
2021	4097221
2021	1307869
2021	1958241
2021	24706550
2021	1437321
2021	1822266
2021	30255079
2021	1401894
2021	1303377
2021	4030657
2021	26959074
2021	35192891
2021	30353562
2021	1316560
2021	1401896
2021	30337241
2021	1292218
2021	34927016
2021	10505874
2021	1417999
2021	4097178
2021	1307117
2021	26678509
2021	1822224
2021	30232256
2021	1304749
2021	1307790
2021	1472907
2021	27107273
2021	34955863
2021	25757259
2021	1299441
2021	25957004
2021	26705627
2021	1293236
2021	1309015
2021	1323746
2021	1864740
2021	1293706
2021	1482853
2021	34603816
2021	30174373
2021	1498721
2021	4899549
2021	25802432
2021	1299884
2021	26752337
2021	1755695
2021	1291568
2021	1483445
2021	1307265
2021	1401842
2021	2027899
2021	21337258
2021	1293329
2021	26020796
2021	26848504
2021	27108740
2021	1498678
2021	3992657
2021	26732299
2021	1925945
2021	1401175
2021	3348754
2021	2051925
2021	1479544
2021	1438021
2021	1296834
2021	1293162
2021	1305294
2021	1401843
2021	4752011
2021	3368977
2021	1298063
2021	1307453
2021	1306807
2021	1294433
2021	30283673
2021	26861970
2021	26383524
2021	3088431
2021	26997969
2021	1297092
2021	1400829
2021	1493526
2021	1303543
2021	1401268
2021	1299877
2021	1424620
2021	1305790
2021	1293703
2021	26723914
2021	2007345
2021	2007353
2021	1294940
2021	27018320
2021	1438018
2021	24860289
2021	2057495
2021	1472247
2021	26339228
2021	1303691
2021	2160608
2021	1431694
2021	1299195
2021	1432778
2021	33464866
2021	30295871
2021	10430298
2021	2208890
2021	5913024
2021	20443017
2021	1452554
2021	1482709
2021	26616719
2021	1294287
2021	30367682
2021	1498717
2021	27109205
2021	1424629
2021	30309223
2021	1944902
2021	3147497
2021	1917633
2021	1451563
2021	1401269
2021	27666627
2021	1986216
2021	10748498
2021	1439400
2021	1303451
2021	1464141
2021	32491917
2021	6852379
2021	1307708
2021	1301895
2021	35256446
2021	2138409
2021	2030733
2021	2157295
2021	2286082
2021	1472238
2021	26877492
2021	30140107
2021	4189689
2021	20495730
2021	1432825
2021	1306505
2021	1422286
2021	10807909
2021	1464526
2021	1437313
2021	26785590
2021	1461981
2021	26353881
2021	20514947
2021	1472046
2021	3032870
2021	2371971
2021	3399559
2021	1461918
2021	1461964
2021	1785628
2021	1461985
2021	1304396
2021	25809159
2021	33400376
2021	26304167
2021	2311159
2021	26878883
2021	21941804
2021	26778790
2021	1937380
2021	26677495
2021	2148612
2021	27611421
2021	3011022
2021	26615602
2021	26647117
2021	26775933
2021	1308010
2021	2156231
2021	1419052
2021	27017673
2021	1794309
2021	1389923
2021	27666478
2021	1292278
2021	1293271
2021	1293401
2021	30395544
2021	35495660
2021	1308306
2021	1296757
2021	30133640
2021	1296482
2021	35252329
2021	1299261
2021	1361276
2021	30419744
2021	26707719
2021	35513447
2021	3193502
2021	2225607
2021	1306801
2021	1401898
2021	1472913
2021	3204547
2021	30206464
2021	1892578
2021	30423539
2021	1465450
2021	5212124
2021	34850597
2021	35144290
2021	1848198
2021	30328825
2021	26685416
2021	34954088
2021	34850598
2021	1306506
2021	2153954
2021	27098660
2021	1299288
2021	1292444
2021	30466237
2021	1401619
2021	1459399
2021	26591633
2021	3793078
2021	1302178
2021	2135544
2021	26344955
2021	1304253
2021	2074700
2021	1302061
2021	1301079
2021	1292217
2021	1432669
2021	1351675
2021	1340517
2021	1300267
2021	1293460
2021	2154470
2021	3008469
2021	2136260
2021	2136261
2021	2136259
2021	1394315
2021	26372545
2021	1294364
2021	1296909
2021	1903720
2021	2346533
2021	1452437
2021	1293839
2021	34852976
2021	1302592
2021	1303444
2021	5056406
2021	5054692
2021	5053474
2021	1301897
2021	1303521
2021	30422431
2021	1303471
2021	1303465
2021	26872545
2021	35630521
2021	1401919
2021	34431599
2021	2973543
2021	35232184
2021	5995338
2021	1478142
2021	1300911
2021	3195432
2021	1304745
2021	1296177
2021	1304379
2021	1309226
2021	25697098
2021	10430306
2021	1308397
2021	2080264
2021	1483882
2021	1301873
2021	35288805
2021	2061179
2021	1295336
2021	1294303
2021	1301252
2021	6432898
2021	1316511
2021	1325005
2021	1293109
2021	1307200
2021	1303654
2021	1294570
2021	1291877
2021	1292048
2021	1292049
2021	1292047
2021	11593132
2021	34929837
2021	4710425
2021	2349359
2021	30223494
2021	1401893
2021	2326174
2021	1482707
2021	1307256
2021	1461416
2021	6799197
2021	1464571
2021	1292719
2021	10608306
2021	2279609
2021	30244184
2021	1962574
2021	26889031
2021	1930735
2021	30323120
2021	34905647
2021	1302993
2021	1296097
2021	25814705
2021	1303076
2021	1294393
2021	1303145
2021	35225859
2021	35360296
2022	1301897
2022	1303471
2022	1303465
2022	1296177
2022	1291877
2022	1292048
2022	1292049
2022	1292047
2022	26957500
2022	1498719
2022	1303341
2022	1834694
2022	1464156
2022	1304920
2022	26022182
2022	26591633
2022	21941804
2022	26694988
2022	1316560
2022	35031562
2022	1303145
2022	35452679
2022	35231901
2022	35360566
2022	3399559
2022	1292206
2022	27037053
2022	1498721
2022	1434171
2022	26245360
2022	1307321
2022	26337866
2022	10748498
2022	1400868
2022	11528251
2022	26952153
2022	1302993
2022	1302361
2022	1295873
2022	1292719
2022	27073062
2022	1305690
2022	1299288
2022	1301122
2022	1303578
2022	24706550
2022	10484041
2022	26752564
2022	4195804
2022	3266406
2022	26648249
2022	1467748
2022	30323120
2022	1780122
2022	30140107
2022	34603816
2022	1296097
2022	1303076
2022	1294393
2022	26969120
2022	1293236
2022	26550176
2022	11537965
2022	26909423
2022	35131346
2022	34808495
2022	35148918
2022	26979007
2022	1292218
2022	1421309
2022	30329081
2022	30295871
2022	1329969
2022	4154628
2022	30466237
2022	1304069
2022	34914949
2022	1428208
2022	1293414
2022	5394466
2022	26847445
2022	1293233
2022	26799232
2022	25918002
2022	35263095
2022	35613850
2022	30209084
2022	1296482
2022	35225859
2022	34905647
2022	30371819
2022	25761178
2022	1293776
2022	27191431
2022	2346497
2022	1307320
2022	26935675
2022	1307743
2022	34963461
2022	1483424
2022	34970212
2022	1438021
2022	1296757
2022	35156106
2022	34954371
2022	1389923
2022	35360296
2022	35088863
2022	34958725
2022	1299261
2022	1294039
2022	34945456
2022	5985922
2022	1925019
2022	30402843
2022	10518936
2022	30437716
2022	33400376
2022	26923111
2022	1293213
2022	1299932
2022	1294421
2022	1299248
2022	25814705
2022	25814707
2022	26878883
2022	1305817
2022	1308609
2022	1300977
2022	11625164
2022	27133567
2022	2311159
2022	3039187
2022	3211002
2022	1309015
2022	26820836
2022	26979204
2022	1295656
2022	1299877
2022	1401898
2022	4030657
2022	1298248
2022	34680793
2022	1305567
2022	27191492
2022	3724033
2022	1434273
2022	27611420
2022	3901459
2022	26677495
2022	2139395
2022	2140669
2022	20491278
2022	26685416
2022	1293632
2022	1293388
2022	1302675
2022	1294140
2022	35143080
2022	1361276
2022	1293271
2022	25853724
2022	25957004
2022	34954088
2022	2080554
2022	26586806
2022	30379982
2022	34952486
2022	30351365
2022	2027899
2022	1323746
2022	26383524
2022	30140101
2022	1466263
2022	1302210
2022	30327842
2022	26877505
2022	2995198
2022	1294208
2022	26421442
2022	26353881
2022	1293359
2022	20514947
2022	1292278
2022	2148607
2022	1431694
2022	24750126
2022	1306885
2022	1294413
2022	1292337
2022	25895901
2022	2148587
2022	35597707
2022	3072381
2022	32569470
2022	1305913
2022	1299227
2022	35206186
2022	10571509
2022	34460775
2022	26678509
2022	2222996
2022	1303394
2022	27622447
2022	1293422
2022	1308796
2022	1401896
2022	2378375
2022	2148869
2022	1297863
2022	1401487
2022	34825959
2022	1304749
2022	1297574
2022	30307237
2022	27097910
2022	1295409
2022	30289828
2022	1307790
2022	1472907
2022	1304100
2022	2159056
2022	1955966
2022	1308749
2022	1418070
2022	1308162
2022	3792799
2022	1297304
2022	1292287
2022	4002553
2022	1844191
2022	1291841
2022	1299131
2022	1294240
2022	2294203
2022	1292220
2022	30391270
2022	1937380
2022	1305483
2022	3070653
2022	20514902
2022	1292338
2022	1298095
2022	30200427
2022	34929859
2022	34954093
2022	5338937
2022	3066008
2022	1461917
2022	1300961
2022	1292964
2022	1300962
2022	23230619
2022	2140014
2022	3992160
2022	1293870
2022	2348223
2022	26775933
2022	1298616
2022	3324210
2022	1432629
2022	1421818
2022	4097221
2022	1961938
2022	26662776
2022	25917973
2022	3205445
2022	26461178
2022	1440583
2022	26647117
2022	1440585
2022	26984189
2022	20266517
2022	1302077
2022	1302279
2022	1432669
2022	2138409
2022	25893369
2022	25810914
2022	1297923
2022	1307708
2022	25909170
2022	10605870
2022	1291556
2022	3069861
2022	14072900
2022	11527487
2022	1466019
2022	3240854
2022	35811926
2022	4724739
2022	35811563
2022	35206435
2022	4720779
2022	35559346
2022	1484745
2022	1844550
2022	3332628
2022	1303521
2022	2464346
2022	2340950
2022	1293401
2022	1461964
2022	1437410
2022	1401584
2022	1437409
2022	1439126
2022	1296949
2022	1306059
2022	1438066
2022	4798707
2022	11593132
2022	2136122
2022	35202365
2022	4073933
2022	35474010
2022	6866809
2022	35144311
2022	30465538
2022	35470663
2022	1306960
2022	33406477
2022	1307015
2022	35637259
2022	1787291
2023	11527487
2023	23230619
2023	25853103
2023	3070653
2023	35360296
2023	1421673
2023	34909356
2023	1424627
2023	1361276
2023	1303521
2023	1303145
2023	35861791
2023	1293632
2023	1293388
2023	1302675
2023	1294140
2023	24522026
2023	2059622
2023	2148881
2023	1482853
2023	10571509
2023	1864740
2023	1302050
2023	1755695
2023	1302061
2023	34809360
2023	1301111
2023	1400240
2023	30465538
2023	26984189
2023	1298270
2023	4918501
2023	1292338
2023	1297923
2023	35202365
2023	1306960
2023	1292206
2023	1787291
2023	4798707
2023	1291877
2023	1292048
2023	1292049
2023	1292047
2023	26969120
2023	10484041
2023	35376457
2023	2154470
2023	2142726
2023	1323746
2023	1480544
2023	35224663
2023	4719384
2023	1293127
2023	34816934
2023	34603816
2023	1299160
2023	2305564
2023	1299404
2023	1295759
2023	1294615
2023	35168683
2023	25978620
2023	1301103
2023	1294534
2023	1298428
2023	1294252
2023	26616719
2023	26979204
2023	35970257
2023	2123597
2023	1437857
2023	34966994
2023	2997305
2023	1298616
2023	26035444
2023	34825976
2023	35370722
2023	26591633
2023	1302789
2023	1294573
2023	1293455
2023	1388180
2023	2001296
2023	1292220
2023	27037053
2023	2340953
2023	1807966
2023	34945456
2023	1493578
2023	25917973
2023	35211730
2023	26337866
2023	26979007
2023	35225859
2023	35232070
2023	1301897
2023	1303471
2023	1303465
2023	1296177
2023	1892578
2023	26878883
2023	35524362
2023	4281835
2023	2225607
2023	30329081
2023	2148611
2023	34779516
2023	35209748
2023	1437013
2023	1432825
2023	33412938
2023	35483086
2023	1299886
2023	1293305
2023	34813666
2023	34429485
2023	1301895
2023	35441274
2023	1299775
2023	1294761
2023	35372714
2023	1293271
2023	2340950
2023	10785228
2023	4899549
2023	35452679
2023	1451563
2023	3047754
2023	2140726
2023	27191492
2023	30351365
2023	30327842
2023	1401465
2023	1293302
2023	1297130
2023	1293359
2023	34958725
2023	21767183
2023	34833851
2023	3592496
2023	1465450
2023	27109205
2023	2326158
2023	30434747
2023	30402843
2023	30437716
2023	26935675
2023	1292337
2023	1293213
2023	34941536
2023	10438922
2023	26339737
2023	35656298
2023	30249330
2023	34952486
2023	1304920
2023	4097221
2023	1421676
2023	30423539
2023	10558422
2023	35305704
2023	21941804
2023	35727254
2023	33400376
2023	10748498
2023	1394348
2023	1293030
2023	1297344
2023	3726072
2023	1304826
2023	1296283
2023	1297574
2023	1299288
2023	1297447
2023	1303534
2023	1294039
2023	1294915
2023	10430306
2023	1293963
2023	1303377
2023	1316510
2023	1295409
2023	1305690
2023	1293765
2023	1303184
2023	1316560
2023	1293776
2023	1300334
2023	25761178
2023	10430307
2023	2084794
2023	1307790
2023	6799197
2023	1472907
2023	4030657
2023	1421309
2023	3724033
2023	4281709
2023	26550176
2023	2357317
2023	2222996
2023	35144311
2023	27611421
2023	1309015
2023	26649254
2023	35360566
2023	27133567
2023	30128122
2023	24706550
2023	1293236
2023	25895901
2023	4720779
2023	1302210
2023	26772204
2023	1844191
2023	1293233
2023	5964718
2023	30289828
2023	26020796
2023	26848504
2023	27108740
2023	1296482
2023	27186348
2023	34954093
2023	1304749
2023	2347433
2023	3335371
2023	3211002
2023	25957004
2023	2123435
2023	35028651
2023	1844188
2023	1302279
2023	33406477
2023	26647117
2023	1299582
2023	1292504
2023	1295614
2023	1302077
2023	1432669
2023	26775933
2023	1389923
2023	1299261
2023	1498719
2023	2995198
2023	1437313
2023	1295656
2023	1294486
2023	33459135
2023	3039187
2023	2361887
2023	33459931
2023	26437092
2023	1296757
2023	1493588
2023	34853941
2023	34925392
2023	36181567
2023	26997969
2023	26732299
2023	1305817
2023	26778790
2023	11537965
2023	35205617
2023	26685416
2023	1306885
2023	1294413
2023	1292278
2023	25814705
2023	25814707
2023	2027899
2023	1298755
2023	5977784
2023	24860289
2023	1484745
2023	35088863
2023	1308070
2023	30391300
2023	1401894
2023	1306801
2023	1299877
2023	1401898
2023	26678509
2023	1292218
2023	1937852
2023	21961979
2023	1434272
2023	34914949
2023	1780122
2023	26694988
2023	1292001
2023	1302966
2023	1293270
2023	4876722
2023	35876302
2023	26952153
2023	30140107
2023	26353881
2023	25853724
2023	1472046
2023	1401619
2023	1302413
2023	20514947
2023	26383524
2023	1431718
2023	1472238
2023	3399559
2023	1461964
2023	1299932
2023	26710371
2023	36390743
2023	5318711
2023	11500303
2023	26366454
2023	35041306
2023	27073953
2023	35041305
2023	30463670
2023	34606418
2023	1756057
2023	25866283
2023	3123920
2023	30394576
2023	5993155
2023	25741345
2023	26586806
2023	30283179
2023	35474010
2023	30204413
2023	35151513
2023	1298873
2023	1308338
2023	1433701
2023	1464526
2023	1438091
2023	26677495
2023	2346497
2023	1765185
2023	34955335
2023	26954859
2023	3734112
2023	1329969
2023	1422286
2023	34955863
2023	2044449
2023	26877505
2023	26295860
2023	1298817
2023	1299628
2023	26588017
2023	1401893
2023	1472913
2023	1424801
2023	1292863
2023	1293908
2023	1294371
2023	1401897
2023	1401896
2023	26304167
2023	1498721
2023	1431694
2023	1483955
2023	35354584
2023	1482834
2023	1293706
2023	26340522
2023	1295646
2023	1294047
2023	36330906
2023	21624974
2023	26374586
2023	30209085
2023	1483626
2023	1293038
2023	1292897
2023	1293220
2023	1296659
2023	30295871
2023	30181405
2023	27666478
2023	2333602
2023	27098888
2023	1902009
2023	2147576
2023	26022182
2023	2237990
2023	1768481
2023	5915912
2023	1868933
2023	25827826
2023	36209649
2023	3442923
2023	3139230
2023	3726375
2023	26857691
2023	3726368
2023	5046846
2023	5089111
2023	1780560
2023	2381940
2023	2051275
2023	1307538
2023	5162171
2023	35478733
2023	5174117
2023	26550259
2023	35901232
2023	34953755
2023	36104133
2023	34430141
2023	35168599
2023	1291876
2023	5338937
2023	4116952
2023	1999622
2023	2057495
2023	26245360
2023	35068230
2023	11593132
2023	2068474
2023	1434172
2023	20266536
2023	2140669
2023	1298846
2023	5327189
2023	1296976
2023	6852379
2023	34953723
2023	34953810
2023	24751763
2023	36239953
2023	33415860
2023	35597426
2023	1308741
2023	1466022
2023	1434273
2023	1307688
2023	35923528
2023	1418019
2023	10491649
2023	1389915
2023	26785590
2023	25934339
2023	1308074
2023	24525283
2023	26847445
2023	35890201
2023	35734431
2023	3562470
2023	3033864
2023	36489740
2023	27666619
2023	35017035
2023	35606336
2023	1297863
2023	27047917
2023	30209084
2023	1297682
2023	26764928
2023	5088314
2023	26717467
2023	1303341
2023	1301798
2023	1296534
2023	1303462
2023	1298207
2023	26247311
2023	1498717
2023	1305567
2023	36347915
2023	35360295
2023	30189817
2023	4307515
2023	7062596
2023	2076007
2023	3017906
2023	10566664
2023	3113368
2023	24868251
2023	26988000
2023	26349397
2023	20266517
2023	35231700
2023	35737598
2023	3069861
2023	1401924
2023	3577094
2023	1865703
2023	1470052
2023	2567538
2023	3334637
2023	3071115
2023	1300849
2023	1303061
2023	1436721
2023	3119330
2023	25802874
2023	4832341
2023	25893369
2023	1303813
2023	30159463
2023	35873463
2023	30300135
2023	1307470
2023	35143080
2023	11625160
2023	26241402
2023	26235760
2023	3120335
2023	5041579
2023	21359627
2023	35235582
2023	1291553
2023	1303558
2023	1302922
2023	1299898
2023	23310026
2023	21827726
2023	35233904
2023	30331597
2023	27040921
2023	36587912
2023	1293146
2023	1466037
2023	1424629
2023	36237019
2023	1401269
2023	3742993
2023	1291831
2023	1304817
2023	36025410
2023	35400649
2023	1295377
2023	1471667
2023	1291857
2023	3059472
2023	4304356
2023	27611420
2023	27066187
2023	4739983
2023	2969582
2023	27063330
2023	1424631
2023	20491314
2023	10608306
2023	25760582
2023	26430667
2023	1291864
2023	1308038
2023	1461981
2023	1307777
2023	10604187
2023	1424632
2023	1424630
2023	1304669
2023	1448743
2023	1305366
2023	1291556
2023	1308796
2023	2363843
2023	4861395
2023	10537853
2023	35214924
2023	26959074
2023	3401408
2023	34948595
2023	3077840
2023	1308111
2023	1291992
2023	35235502
2023	1292215
2023	36590120
2023	30245266
2023	34923510
2023	34923508
2023	1305085
2023	36590120
2023	30245266
2023	34923510
2023	34923508
2023	1305085
2023	3313801