1303033
2056653
1307639
1306843
3069347
1293926
1308022
1308074
1293783
1297105
1295453
1464303
1304940
1305541
1294139
2417346
1301912
1904505
1302988
1757506
1302061
1315570
2132495
1294047
2229427
1850942
2355756
1369831
1421673
1510114
3330071
1303184
2326158
1293935
1299670
1293748
1301136
1981242
1459054
1306257
1361276
1295490
1303045
1294165
1301148
1291842
1296482
1388216
1293341
1292720
1297628
1293566
1293544
1291583
1308757
1301753
1291581
1292973
1294766
1302759
1291576
1294833
1291578
1440884
1296520
3319774
1940082
1401514
3775720
1979147
1807721
1533679
2042620
1316685
3775708
1298248
1394424
1304576
1299361
1469967
1300299
3214972
1401383
1303040
1303948
3080872
1293531
1401175
1295124
1293303
1291857
1306727
1293838
1302619
1298506
1293034
1291846
1303450
1295012
1322674
3629226
3094544
3094547
3094549
1441820
1865464
1475653
3616391
1424486
3618715
1741547
1308333
1300058
1297268
4766209
1302488
1292644
1293156
1293071
1300958
1293234
1294438
1298494
1301252
1298688
1305647
1401370
1303654
1292048
1949376
1291559
1401208
3628244
1300919
1304728
1296078
1305526
1301890
1308831
1767042
1433525
1303123
1306521
1962116
2059742
1308777
1463958
3329796
1907653
1898223
