1937380
1440586
1869346
2159056
25775719
2140014
5422571
1305483
5091207
5403988
3005378
1440583
3072381
1307394
2363506
1900841
3731893
1851857
1459023
2995839
2134296
3006619
1397184
1416942
4886326
3205445
1981392
1898223
1788100
1296124
1294103
2051576
1777402
1304868
1760027
1496438
1389982
1300275
1304667
1299595
1294789
2992767
1422917
2328749
1292444
1949369
1787541
1308825
2028666
1432699
1929461
1394488
1788940
2134294
2065021
1299649
2297265
2969582
1794184
3258558
3044823
6013760
26339408
1451496
2138427
30403299
1326038
3034034
1419136
1301715
1938312
1428208
2996640
1303590
1297102
1304952
1298245
1850963
1307772
1431724
2149806
1299612
1882503
2067529
1851683
1421733
1787291
2028659
1293019
1293515
1303710
1464303
1316580
1308116
1308127
1440742
1297709
1297317
1433496
1774223
1292449
1476023
1292959
3120436
1297695
1297082
1292467
1297079
1306588
1304660
1295451
1418570
1301691
2382969
2078398
2271602
2005723
1478280
1438066
1962503
1302252
1298366
1302346
1302619
4707235
1461918
1483445
2084792
1914831
1294915
2084721
1294140
1293030
1394348
4036979
1915403
4028572
1418200
1303534
1815687
1293776
3040262
1296813
2053515
1296283
1437109
1294245
1962968
1294620
1299086
1304582
1302499
1861401
1307696
1308755
1293973
1293824
1305526
1292341
3060582
1419582
1303054
2003404
1867066
1920798
4230623
1302342
