1851857
1878616
2999387
1309001
2054933
1307394
1853768
1304972
2369618
1438091
2057495
5913024
1437313
2369618
3157605
1302279
3075921
1760622
1853770
4066125
1419992
2931930
2049721
3039187
1292000
3011373
2968813
2148257
2044089
1787291
1428051
1307434
1950821
2037012
1887829
1578503
1929402
1471508
2295401
2464346
3233761
1482316
2041876
1300752
1305294
1414806
1307306
1302282
1981201
1483808
3395437
2279152
3442220
3011093
4861627
2027899
1853176
1292055
3445586
3569969
2148874
6557032
6558775
2265371
2149806
3217894
1459368
2336737
1300299
3105588
1309162
1482030
1839597
2000741
3007825
3162953
3731893
1292541
3102174
1466394
3727653
1451911
1295644
3504940
1780330
4022491
1853752
1477316
3195101
4268598
4280770
1793903
1292444
1907467
3008469
1466263
1438317
1938022
1295804
1291554
1946867
3285642
2154470
1424632
1298755
1304289
1461918
2070307
2070308
3624548
3321755
3432359
3691118
1451496
3297229
3571005
1821412
1421292
1794184
1894454
1464520
1479596
1477919
1429063
3284099
1429068
3585017
1451496
4304377
4238950
1291554
1978709
2056093
3069312
3819939
1299193
4304377
4238950
1291554
1978709
2056093
3069312
3819939
1299193
1768184
2346533
1424630
1461964
1294208
1309226
1949811
1461918
