3593931
1437857
2123597
1306634
1464303
1300930
1438584
2132889
1308777
26437092
1464526
1297880
1291864
1448751
1451563
1482853
1437857
1433701
1422286
2033873
3147497
1421673
1756582
4719384
1474405
1292646
3212965
2969582
2133469
2157507
3338879
4011274
3034034
3205624
10464211
1481918
5201846
1460853
4738005
5165997
10459823
1457480
1465461
3290737
10459716
10605870
1464067
3335371
1431962
5226657
10590563
5226817
3009150
2051925
2375931
4861280
4881236
5226734
10590564
2051924
4861283
10459705
3072124
3072086
3829499
2042226
3836100
1309003
2993846
2132495
2230905
1308960
3182944
1865561
1418834
3205445
1307843
1466263
2138427
1307015
2136260
2136261
2136259
1466033
10785228
3277567
1421676
1307708
1304659
3102668
2136824
3990145
1307332
1292272
3154825
1968790
1973459
2567646
1294194
1292330
1299103
1302912
1299436
1303451
1302941
2159056
4886326
5088242
1465463
1292518
1307535
1433577
1316698
1303021
1438338
1482089
1395546
1422020
1300894
1438018
1307970
1962574
1482080
1851857
1946877
1412579
1302642
1483239
3068210
1307678
3346527
1293350
1419052
1434273
1434272
2995198
4191644
1309160
3072159
2334904
1981242
2131651
1316580
3626372
1303526
1303463
1296581
1422957
2078989
3007826
2295854
1323746
2225607
3193502
1483218
1864740
2080554
11625164
2311159
3901459
1308810
1293935
3284392
2028645
1419942
1291558
1301900
1858678
1304660
3008672
1434269
1306505
1293391
1307690
1301898
1308813
1291580
1291584
1292048
1303454
1870044
1401118
5353077
6110557
1931727
3665268
4223304
3113420
6849056
2246605
3193264
10561910
10740288
10796565
3032543
10583840
1858095
4097249
10809476
4707582
1484900
1298362
3003092
2003389
3818585
1308567
3006327
3321409
1422917
2059321
1388180
1304017
1300894
2208890
1461981
2145961
1308306
1394315
1424629
1465450
1299884
1388180
