3217165
1441801
3158432
1471507
3431735
1292229
1427266
1466115
1851906
1883634
24530628
1438025
1303148
1303173
1298389
1293118
1294584
1292668
1296753
1300570
1293389
1303410
1292215
1300299
1292401
1304447
2997052
1308599
1293530
6384752
1292214
1294958
1292349
1297630
1301459
1309027
1292335
3637237
1292223
1309115
2297265
1309084
1306843
1303333
2081376
6396294
1296736
1945780
1292208
1292704
1300265
1472019
1464595
1299161
1307690
1463240
1919225
10456755
1895272
10467735
3162138
2084250
1293150
1316522
1292226
1293460
2974278
4164444
5413813
1767042
2056653
1306526
1550450
5972040
3005442
1301649
2072848
1306466
1452437
1759783
1304817
1291999
1304826
1302597
1299005
1295451
1299204
1937380
1297550
6019007
3048124
1297756
1857099
4838667
1293964
1295586
1421933
1302050
1304975
1306206
1461403
1301089
6771529
2081493
2010972
4313109
4319218
3179741
3008244
4206357
3120852
1792922
1303034
1904505
1308097
1292067
1307697
1291857
1873750
1292658
1293237
1308070
1299042
1305152
1422040
1299441
1759548
1424632
1465463
2378705
2294203
1466031
1759386
1302467
1889242
1304141
1291843
6837235
6430835
6985810
1438652
5503303
1309173
1293838
3418187
4058952
1297715
1981335
3073124
6390832
1760622
3158449
1292646
1292000
3269068
1295490
1306303
3077840
6875451
1416435
2063533
1308865
1464885
1293160
1431980
2065275
1306626
1756489
2005841
2063524
3299241
10538110
3987389
1291836
2973543
1308173
2375792
5969391
5969389
5969392
5969394
5969393
5969395
1917633
1394315
1482869
5360889
3094909
7015714
10521937
4918501
7001057
10600295
5327272
4798707
6033062
6518638
1295284
1303184
1294038
1298207
1295374
1292328
1302325
1306548
1292063
1767888
1294589
2037961
4935242
1292656
5990238
1315316
1440958
3072284
1461917
2140014
1294139
1484750
3072381
1962965
1301715
1294411
1297539
1298399
4300641
1299247
