1305720
3077791
6887029
1292504
2044081
1437775
1292401
3091572
1316510
1292328
1401526
1292679
3768046
11510453
1306505
3394878
1291555
1298112
1291999
4896894
2138467
1297880
5919548
1296266
1308974
1299686
1295940
1291863
1306634
1978709
1401481
1853768
20415233
3013553
1304534
1308047
20020577
10438426
1303217
1292547
1300802
1303839
1307350
1434275
1472559
1292218
3749947
2080572
3135483
1300275
1292225
1292233
1300055
1292969
1292472
1322848
1292226
1293936
1296992
1939759
1770038
1299616
4071781
1483988
3443389
1921583
1919230
6877520
1293155
4280102
1945330
1937502
1959291
3218765
1293124
2072848
25716482
21348876
1293926
1862151
1307210
10545939
1794435
1293350
1295644
1292208
1401915
1418001
1292215
1308162
3592859
1297227
1304495
1306970
1295555
1302325
3217894
1292063
1412579
1295451
1307219
4721293
1292238
1438652
1297368
1844413
1292656
1293179
1291832
1293863
1291824
4319218
1766827
2042437
1307823
1962116
3007773
6307447
3231686
4018288
1401269
1308366
1298107
1304826
2062967
2111619
25853103
1498825
3726072
1291557
1292222
10487226
1300605
1299365
3008247
1292052
1291565
1296778
1297514
1422942
2464346
3023164
1292780
1291864
3077840
1303459
1395546
3036460
2138404
1867787
1294941
1300093
1305986
14072900
1307921
1309083
2132495
1292065
5308265
1439890
2336735
2134296
2382939
1780256
1418019
1309069
1456503
4824245
1292213
1299398
1292064
1300185
2076007
2000689
1466022
1292206
1303078
3444553
6852172
10740237
1291937
1297009
1307611
10740236
2159056
1299292
1306029
1418570
20270431
25793385
1292370
2378705
3011093
1299362
1306791
25798252
2988103
1472563
1299603
3718782
1309163
1292211
1307840
1397546
1329957
1424325
1297228
3326761
1291828
1304530
2053515
1792933
1293394
1296011
6786002
4086853
1298759
3612641
1293182
2998253
1781126
1291549
1296240
1394488
1298624
1303536
2157498
1305607
1306842
1297000
1292217
1301646
1308566
1306497
1776595
23752714
1310153
1309070
1439106
3347104
3078609
1291877
6124112
3008469
2344893
1295865
1292402
1939201
1920805
1309012
3792848
4826415
1401130
2042279
1763134
1295647
10833919
10558422
1793929
1305224
6425116
24843611
1306743
1293838
1293013
3073124
1780330
2334904
1315316
1301465
1857099
3338851
1298362
1299193
5360889
6771529
