1394495
1301171
26353881
25766754
25958704
26295860
20514947
25890005
1297268
1292401
1306830
1298128
1296563
1297046
1293050
1305088
1308346
25807345
1307748
1306548
1304060
1299213
1300569
1300930
6521506
6722879
6985803
1305543
1482101
25919910
1292270
1293145
1307790
26650752
1304749
1481912
1925019
1306801
1481917
1472907
25884743
1291835
1388216
26289126
6801409
3321409
1438021
2973543
21359627
10521701
26366465
1291832
1900841
1307639
1299027
1293817
1466022
4116952
1293582
1303547
1307320
1298915
10741871
24743696
1416895
1999622
4301268
1305986
1297926
1428208
1299361
1939759
1424629
5977784
4063400
1306889
1300195
1419294
1443675
1305181
1299670
3532588
3427890
1480381
1848198
2005723
3027163
1299238
21961979
1307890
1800766
1302821
10774088
1876476
2344345
1299320
2333602
1298199
1303016
1756582
1301668
25917973
1300375
1304571
1297735
1949812
2027899
25698399
25964104
25825709
1298609
1448743
1297082
25717552
1302342
1301217
3562446
1295643
1478066
1293532
1308078
2005841
1300353
1301169
26602281
26585855
3199911
4899425
5150149
5127465
3532315
1416706
1300292
1464535
1303040
1294570
1306388
1449845
24719063
2068073
1298308
1299107
1303285
7062367
1297607
1307772
1292781
1294477
1292063
1337290
1304014
1308127
1299811
1308074
1301726
1416435
1304975
1305092
1292206
1422971
1309155
1300919
1291853
1309046
26549722
1422917
1433368
1307427
1295865
1306029
1875166
1301771
1304771
1309015
1305666
1422024
1291876
26431592
6879185
25768089
1482099
1292229
3217150
3179741
6872244
1292067
10508921
1297009
1309027
1472019
1783772
1309115
1478064
4191644
1307649
1305085
1907653
3217169
6985810
1299687
1293182
25767503
26266976
26266978
26266983
25825863
25972488
26322787
26278437
25985574
25867446
25918596
25955872
4304402
2284851
6856067
10553321
1434269
1947549
1292348
1292216
1498818
3025809
1293391
1300820
3278811
25853724
1421933
26383524
1301898
3744561
1292262
25980554
3008469
2224985
1898223
1308777
1422020
4838667
1451911
3250372
24815932
5908480
2078989
1296384
1307150
1855371
1293964
1867066
26325366
1302279
1418194
3836070
5966609
25791850
2378705
1297974
1292468
1291833
1421807
4146527
1499008
6801386
1300945
1296925
1292286
1482072
3148068
3072284
20507271
1309021
1767042
1419856
1291822
1431690
1316537
1295804
1293818
6859676
4724560
1308817
3072086
1291873
5919538
1961938
4728076
4798707
1292047
5150969
1947266
10767500
6900092
1858802
10576419
1306848
10577869
1303509
3602096
1308146
1302912
1292330
1298944
1302827
3006772
1292701
4924142
1296218
2009392
10760030
1301753
1305553
3075287
1305483
1478398
1482316
1292049
1300763
1292343
1484745
1858799
1293013
1292062
4935242
2213597
1308070
4845728
6048729
6048727
26253586
19967496
11537964
2123597
4281835
2357317
26301560
25802874
2008376
1483429
2154470
2340860
1498641
2059622
1294562
1937852
4922809
3243000
1418407
5349359
10430308
2340950
1438274
1853770
1292504
3007825
4116480
1308833
1293530
3073124
1301081
25853715
2147482
1299578
4195804
10833882
1307812
1807966
3022872
1495917
1463390
1292287
4097221
1401962
6425116
26663071
1306861
2997052
4319218
1301715
2464346
1760622
1294345
1292279
4282372
26348784
26348785
26291399
26348782
26348781
4097220
10864754
1920620
1498632
1305224
1300337
3780322
2140658
6309408
1498719
1301340
1329969
1296757
1431732
1308813
3036460
5912992
1298522
1298624
1292703
1307697
3190766
1766827
1316627
1301480
1308774
2294568
1781126
1297630
4719384
1421673
2081376
3734112
1293935
1298245
1292656
1308097
1853752
1440742
1308755
1294245
1301890
1306843
1296909
2028645
1478280
2041876
1293124
1293753
1304660
21348876
1418200
1303450
3102668
1307921
1293394
1309012
3077840
3008672
1293237
1299042
1305152
1292720
1292217
1292370
3007773
4066125
2974278
1300299
4709671
1783549
1309163
6887029
1292780
1304447
1865561
1308865
3233761
