6549903
3836070
7015775
1293350
1451911
6849056
1300353
6900092
4066125
10577869
22733673
1292271
1306860
1299877
25730893
4291275
4193254
4731050
1297628
1325958
1316560
10537891
1440954
2038379
2356920
1300955
1900848
1472913
4059245
3718269
2148881
3012013
5279643
1292224
1309027
25707701
25700838
1299362
26831232
10733574
1296659
19976774
1438338
1308810
1293566
4058952
26324750
1298107
1291564
1292218
1291563
4876722
1306724
1300820
4282372
3011308
1950107
1890572
3012012
1291549
2044089
20442988
1305363
3008244
1498641
1294047
3070921
1292281
1306663
1303078
2148869
19975328
25697391
1293155
2325964
1418752
20254243
1309016
1397546
1303341
23415048
25766535
26125779
1294941
3562827
2296816
1297991
1307321
1369747
25892603
25767739
2068474
2056093
4223334
1302279
1461370
1853768
2005723
1781126
3072124
1900841
6097775
1865561
1858802
1293237
2333799
1296217
2209573
1920620
6905169
3123920
1295527
11537965
25917973
2357318
1981242
1307856
1483429
3804629
2140726
1295873
1292208
1299480
24753687
2357317
1304659
1291937
3011051
2303845
25716096
1295070
1827042
1292701
1293182
1301806
5058433
1303467
26699819
1466055
25741290
26430667
5212124
4827369
2346497
1460601
25837799
1949705
5147602
10590080
26582012
1829858
26067821
1455684
6559181
1465450
2075412
1937852
1827342
5999375
3605411
1294303
11505245
26766825
5050158
2209215
25980222
5075492
5985922
26433966
4011672
26706066
1302210
1303086
1401208
2255841
2434764
26200413
3008469
1305647
1478398
1421673
1459399
26356495
5356172
6425116
1301867
1294661
1297024
4728518
21329470
24743696
1306506
6971294
1304310
1903720
2063528
1424620
1292533
4030657
1756073
10747855
26061902
3793078
26356496
4739983
1294570
1303654
25705507
1470246
1786463
2993076
4719384
3111650
2243557
2346499
1466329
1303068
1303174
1463961
26716933
5107048
1304253
1323746
1927369
1292056
4102971
1304447
26665828
1292063
1309160
25890005
1292343
26337866
1291835
1424627
1292214
1292275
10545939
1294756
1298697
1303173
1292222
1293353
1308857
4839318
5215279
1461917
1300930
2156235
1306130
25843022
25766754
1292401
10438582
3072284
4886326
1441801
2156194
1306830
1293950
1297874
1296390
26106958
1297375
3024173
1947283
26293468
24153250
2156231
21329861
1293172
1292349
20020577
1299131
1431732
1291841
5347114
1301502
5088107
3230459
1437096
1461918
1292226
26452846
1308741
1301717
1295467
26253586
3715082
5088242
1293767
1295452
1298506
1304026
2296023
2974278
10430306
10430307
1298467
3275168
1300019
24529346
25863906
1417947
1299383
11593132
22254890
1305902
1293204
4206357
3006309
2333601
21624974
24750126
6786002
10793610
20388224
21941804
1298128
1291992
26637930
10600292
5413813
22011074
25785812
1293908
26779139
3069861
1291873
23011206
24870808
1296792
26756296
2340953
1292780
3278811
25794230
24312921
1303559
1419136
1421863
1434269
4301268
3072086
1291824
10487226
1291853
4191644
1418834
1297447
1297574
26588017
25879952
1292857
25838926
1308397
1293156
6879185
1361276
1300436
1301459
1291843
1459620
4164444
6872240
26461182
1466019
1919230
19949238
1297227
20468389
1401924
25749524
6722879
2295850
3072159
1306524
3190766
3987389
1433577
2365260
3069347
1303034
25810914
25803933
1291836
1878616
1292216
1433111
3024156
1461440
2070595
3546027
2999387
1306041
1301890
1294808
1433567
26461184
25770510
1296929
1308524
2132473
1297007
20388419
1793903
1293706
4323606
1422908
1292601
1296044
1298310
1293658
1292867
25770540
1293748
1295225
3992627
1422957
1418998
1298759
10558422
1291832
7564989
2138404
1292067
6521506
25732315
26581263
19972797
26598136
26580846
26580847
19940328
26580854
26580856
26581264
26580836
26581267
26580866
26581276
26581277
26581278
26581279
1307405
3794428
2349359
3036997
3080192
3338851
3158449
1292528
1298505
1292287
6781971
1292000
1297514
1498675
3066008
1401962
1305367
1950148
1305456
1316580
1300487
1301122
2997076
10741871
2409353
6384752
1291877
1303555
1299292
1299193
1301636
1293271
2010972
2305317
6886518
3162138
1793929
1301646
24470523
2156069
1303459
1438066
26580845
1295646
26602281
