1394342
1303173
1292207
4873490
1294789
1293226
1466412
4075429
1466414
1431694
3804891
1424631
1299521
2347433
1466037
1389915
1297131
1908913
1466403
4876722
1401915
3193502
1461026
2181462
25733200
6506506
10574622
2003404
1401269
1292401
1296929
1431690
3006769
2365260
1437313
1482707
1308777
3649049
3780322
1438845
26952153
26732270
4067285
1313473
26682875
26979982
26430669
26365262
26276385
2349359
1292208
26430668
11529526
10430308
26611076
26786563
25691882
26928304
27003653
27062894
26752764
27062893
2052017
26953566
26717494
25741398
26631663
26953570
2294568
1857175
6011805
1292218
1292223
1306614
6080775
3395437
3546019
1295078
6011806
6776051
1297879
21337258
1291830
1293391
1297082
3193264
2153526
1299396
26705627
1305348
4090642
25957004
10505874
1305630
1755630
1294693
11533549
1891179
27191236
1418665
1307702
4090557
1419969
6799191
25757259
25917239
27045204
2348223
24522026
1417947
2140627
26723914
2044467
1844192
1461403
1292533
4097221
26245360
10457306
1303816
3012924
21349048
25703320
1889242
1300992
1298525
2057495
1292659
3032429
1422020
1296519
1297574
2346497
1295409
6724667
25745651
11528235
11502912
1307200
26640841
2285468
1416906
1438041
2363569
4935242
1303559
1306506
1302210
1463961
1295120
6048727
1304571
1303086
5422571
6853871
1437368
1855131
1869346
26599902
1947270
6048729
10810270
2259312
1294518
26369445
26059437
25902322
4896305
27034884
3299241
7062609
1388175
5343629
1945336
1292720
1483630
1305526
10831445
1417598
1395776
11627061
2078989
1945780
7058117
1478066
11625164
3285642
10746136
20389706
1451911
3778246
1950148
2294565
24716045
2084792
25798222
3243000
25881067
1820145
2074700
20426973
1945253
2340860
25705749
1388180
3806784
26412188
26607557
1303043
1763931
11501396
3047617
2409353
1291548
10537853
1780330
26671329
10590080
26870605
2326158
2148778
1915342
26874886
7046723
25711972
26910332
3274505
1296703
35708585
26658584
1291857
2333700
3626416
1299204
26358493
1295686
1299330
1482107
2326174
3568398
26313624
1309085
1920620
1292664
1309060
25848260
2333729
1907464
10760030
10549222
1300267
1292778
1291576
26431420
3005365
1307708
3734112
1459786
1292863
6309408
1307696
1759386
2121860
2138409
10807909
1308722
1472247
26299424
6849056
2131459
2998253
1305182
1421807
4902933
3724056
1298909
1962116
1532596
4798707
22733673
24743696
6985803
1306472
1395459
6887029
1291876
2009392
1401481
1291976
3102668
1305085
3094909
4833562
3794428
1401130
1919230
1428301
10744836
4282171
1394495
2142197
1467759
1498632
24723061
7051357
4812830
1891211
3079384
1937380
1439106
3093016
2124586
1294990
6053679
1301217
2159056
2357302
1307956
1300300
1448722
1299238
3444433
1296141
1297646
2225432
6879185
1844186
4038441
1767042
1296078
1295873
11537965
1293566
1307766
1300487
3114111
1294477
25772380
2132220
1309015
1472046
1829282
1478064
1461964
1418076
1949369
26313637
1389949
26649041
1507248
3022095
1424639
1482691
1528848
3078609
3757313
4102971
1293146
1292217
7059561
1308211
25957011
1434272
1467748
26836588
26022182
4290367
2123512
3034034
11803087
3771562
1293792
1300868
7015714
3155839
3048124
1440283
1297474
4290360
25890005
2999530
25722318
25749943
30403294
35911795
1424627
2279152
2225607
1292663
1464345
1303705
1292335
1303698
1295804
1309162
1459620
1291937
1305175
3070921
1440580
1292268
3732800
1783772
2568005
1401962
11525673
1293868
1306830
1419856
1401185
1307812
1898223
10430307
1291584
1291580
24525283
1986919
25767747
1437775
1298456
24870808
10430306
1294007
1292219
24750126
1301465
4728518
1302325
1305978
1301198
1291554
3749947
4290482
24002191
1299005
1306013
1305620
20278505
1307970
1304641
5338937
1292065
26106958
1297126
3205624
2264077
3230459
1292468
3077791
4233880
1301061
1297092
1293748
1468080
3711672
6799197
25770540
3724033
5964718
2084794
1422947
1305015
1297187
5061843
1498717
1293530
1821545
1307980
1483955
1307423
1797500
1401282
1295374
10600292
1419942
1794435
3626372
1292213
3179741
1308745
1293271
1299398
3602096
1787291
3321409
1307219
10545939
1978709
1293818
4721293
1297991
1296185
1297923
1300108
1300954
26383524
26885427
26797454
6872244
1293950
1297874
2243999
2160611
2129479
1293323
4826409
26614105
1298697
1292222
1401383
26712057
3332628
1306505
25890939
1304596
26831232
1302795
1466419
1292220
1294387
5318669
24860289
1305913
1309235
26807958
1416877
25853724
26337866
3123920
1298505
14072900
1438025
1756057
1878616
2063528
1471507
1308799
25803933
19967790
24753687
1296908
4268598
22994672
1437315
19949238
4724560
1296436
1433417
1296867
26452846
26425075
1463240
1305088
6425116
1296669
25917973
3275168
1316513
1293371
1422952
1300955
1862151
1308857
1329950
1292271
1299362
1764333
1294139
1303485
3319755
25853710
1418070
1300353
2259727
1301122
1301902
1306526
1440958
3768185
2210374
3593931
1448751
1300375
1293929
1292719
2010972
1308162
1294103
1484750
20020577
1422040
26452870
7062596
1299131
1291841
1292226
1292349
1306982
26602281
3543690
4073898
1980954
