5157309
5181556
1431761
1293172
26984189
1295225
30256023
1301340
1308498
30194769
2154470
26925317
1292401
30377785
30336318
30268948
30146756
1361276
1297517
26900391
30185415
30316976
30181130
27125448
1291879
25733522
26779571
26959074
27615398
26647117
1307219
27077266
30206431
30331093
27065154
4304402
27069377
28510273
30156290
30238972
26949216
26329311
2284851
30393519
30149863
1297589
26388969
3198218
4721293
1299059
2156231
26717467
1296196
1303077
1301260
30234315
26353884
6123863
3072381
1461918
27119292
26821404
26304901
3272985
1303042
4908784
1303341
1448743
1308038
26814623
26879607
30161258
27065128
26958502
1291864
2340953
11500954
1294737
21941804
1296679
1293107
1293663
1295399
1293310
1293847
26732270
27147739
1297880
26894602
26247311
24882562
30167539
1293401
1424630
26306656
1299436
1303080
1305327
2132907
1305261
1292330
1300195
1304975
27200835
1440954
10600292
25837262
26631663
1292049
1580586
1468748
1305085
4719242
1466329
30315018
1305367
1293237
27072795
26924748
26710371
1760622
25855071
1419856
3724033
26349397
26772204
26778790
1787291
25697098
3024155
2214120
5088314
30423908
4002553
2342386
26952153
1438021
3070653
1483903
1291824
1308252
1297683
26799232
11537965
6753589
25895901
1309001
1305483
26389928
3444553
3008247
1304771
5338937
3321409
1291877
27060142
27109251
27046423
2349359
27135751
1303021
1459620
10430307
2294565
1291554
30238932
26974696
26974695
1438066
21961979
6786002
2333602
1304641
1304826
21337258
1298207
10430306
1293303
1351675
27075281
1291549
26899030
1294639
1299112
1293839
26241402
1999622
1292225
1293544
1295686
26705627
1461403
11593132
1887829
2209575
1296669
27018258
26648249
10491649
1301171
2997052
1291576
1297743
1304669
1424632
6985810
2357318
24743696
3602096
1301105
2132889
1495917
1292468
1307766
24874401
7052636
3039187
1294963
1962116
1293323
25853727
1865656
1296141
2144584
1307321
26616719
2998253
20388223
1292216
1424631
1308366
1483955
26723914
1493578
2357317
27098888
1298759
6425116
26588017
26694988
26353881
3443389
1299365
1793929
1306505
25807345
1296837
26245360
1301198
26461166
1299603
1292000
1862151
20514902
3077840
1304667
1302705
2138310
1305224
1441191
1421676
1308264
26312936
1394825
1298107
10537853
26957500
27019527
1300752
1890572
2044089
26607721
1302455
27620110
1467759
2057491
1401268
3069861
27602120
1293350
1308857
27046403
26891435
26894888
3277567
1309032
27073291
1296436
1395546
1296266
1308369
1394495
2138404
25802874
1788940
1306830
1309004
1295831
27127193
1305720
27098983
1295940
1304060
1300894
2057479
26461158
1300185
6888717
26594205
1480492
27146777
3094696
27098660
27107189
1829282
1822215
11529526
1307708
5347114
26268515
25662976
2336735
1857287
1299994
19944204
1483445
1292533
1947080
1401920
1307427
3022095
1483428
1307688
1440742
4290676
26671329
10733574
1421976
6396294
26426047
1761920
1300199
2138427
1962939
1440629
1308774
1308741
1844192
1295873
1305978
3006327
1297928
2214366
1308211
1307112
1417999
2123597
1946867
1767042
1401282
1294693
24753687
1296757
1299026
1308831
1307394
1306524
10831445
4291275
1305902
1306506
1307703
2340860
1291828
30234202
1427862
1304076
1292911
3069320
4294232
3706859
6039190
1298467
2136122
1301620
3243742
1797500
2464346
2122829
3212133
3039823
10438582
1422907
1424627
1305543
4751865
1292457
1787277
5061843
1418570
3008671
5167833
2568005
1472907
1297187
1309066
1307856
5318668
4323606
3062990
2230905
1304596
26106958
30215113
4142156
26881147
3792848
1850963
1296705
20398992
26885188
26861424
30215114
6875377
1293019
1305363
26964424
26775403
30200437
26765488
1292769
1299441
1302573
1461985
1821545
2216828
1401130
1293934
3153700
1293034
1299578
1306303
1422067
1873750
1297879
1309226
5215275
1307678
2136824
1295284
26872495
1302413
26705890
1758581
1467044
3008672
3138605
25862324
2344893
1919230
1422040
25917973
1768184
2134296
1329969
10545939
1292215
5097979
11502496
1434275
10576419
6128922
1307210
25940902
3445586
1483424
1306206
4728518
1484675
1306860
1498719
1292402
1308799
3671085
1780122
1304534
1449845
1482072
1767113
25749833
3188328
1308346
1434171
2063528
1304489
4281835
2028645
1308745
30167039
30167038
1291992
4724560
3007825
5157137
6390832
25980222
1900121
1418076
1483218
2052978
3732800
2059622
1434283
1296218
26861970
1980825
1306605
1291835
20020577
26242647
1484745
3743049
3313801
1300678
1309235
4707935
25697391
1301898
4102971
1438845
4837005
1755630
1296124
25728581
3047728
1305630
2059321
26434795
1307014
1305703
1418605
3284430
4731050
1389915
1300945
11625164
1292206
26337866
2968813
1507248
1293748
2136259
2136261
2136260
1299292
1759548
1296253
2139766
1291550
4223334
1307125
24839101
3768185
1296659
25957004
2149806
1307332
1298128
2350252
1416435
2347151
1300056
4282372
5183361
1498818
25890005
1295451
1305647
25917239
1291558
1294136
1297646
2136262
5279979
3562471
2038379
1304022
1303148
4876722
1498641
1787541
1308747
1303485
1428301
36534418
36534419
36534248
