3205445
30364903
26353884
1439400
6971294
1303042
26633257
6097775
3272985
26899030
27021257
27045950
6123863
26304901
26821404
26337866
1292206
1780122
26831232
2136260
2136261
2136259
26801198
1308038
27072795
2040021
26022182
26631663
1308366
30181405
1294756
1304920
20514902
21941804
25917973
1431761
1463958
30228640
1873751
1294287
1291864
2157507
27098888
26894602
26799232
26772204
26857691
1299261
4876722
20020577
27077266
1298107
26616719
26383524
1438025
1296757
1448743
23431760
24743696
30446517
1294693
10491649
26984189
1351675
30128122
4102971
26861970
1301372
26705627
1304975
1361276
27019527
2042226
1457015
26353881
5041579
1292217
27119292
1293401
1297880
1306605
25853724
19966572
26245360
6519575
21359627
25957004
25761178
1308306
27009738
1296669
1763626
26656333
1307777
1459373
1299257
1292215
1309115
4290482
1422020
1394315
1294181
1763640
4189670
1293153
1294382
30256024
1756057
26586806
4268598
10430306
1438018
1456782
1925019
1303574
1304017
1297991
4822239
25855311
1303576
30269402
1301089
1962574
30181130
1293271
26738204
10430307
1307970
1307201
1306206
26215216
3033864
25768089
1389915
10741220
1862151
26657126
5338937
1461403
3008469
1295873
1293182
4710425
3147497
25890005
1308074
1329969
25895901
26952153
25934339
27047917
1298624
1291554
4281835
4899549
1785914
1297000
1298759
26600786
26988000
30451891
1438689
3168089
10485647
25786060
26437105
1293391
1758224
1302061
1293306
1437023
1297813
1291857
3742993
10741871
26954003
1291853
1302966
1292504
1299005
1304971
24874401
1292863
1939009
2147098
3806548
4120616
3214063
1306625
1827999
5050221
5094638
3025379
1293797
25716096
1293868
5158369
2146588
3532588
1848198
1299868
1498632
1302466
3546035
1347376
4097178
1422273
6530607
1451563
26648249
1293876
6532848
4832288
1467748
1883634
2000689
1431719
1883642
3697556
24882562
5360889
1297511
3069861
2225607
1483445
26987999
1461964
27191492
26717467
26602281
26694988
3724033
1482853
26778790
27125486
33402260
1528848
11537965
1464171
1389949
10600292
1297092
3768185
3319755
3626372
5041518
27149755
26288174
1483428
2148619
1448751
27037053
25814705
25814707
4896295
26910059
2123597
1304560
1418076
5327189
1305367
1299986
26957500
1292402
4009651
2059622
1296218
1316513
24860289
3162138
30391300
1432699
26588017
26679188
6425116
2340953
1303485
1305902
3335371
1431962
1886877
1316626
26372545
4176542
1829282
1307702
1422040
2279152
26759825
26969120
1292219
25698399
7062609
3732800
10537853
1962116
27017673
1459620
6786002
1304659
1950107
1296436
1292468
25802874
1305543
1306130
26785590
30162055
1394495
30427480
30451893
1756073
26959074
6985810
1291876
27110660
1308208
1427439
26942621
1309235
26649041
1299042
30423539
1291865
1305567
27166414
10508921
1308741
26719781
1300894
1307766
26461158
1472046
2997052
4323606
30234315
1301459
3026357
2136824
21263666
26312936
1309087
1304060
26820836
3321409
1467759
24750126
20514947
24858414
30152861
30206431
1297513
1293929
1293566
1298755
1307708
26361613
1422286
1395459
25893369
3017906
30174107
1307112
26349397
26682914
30425465
2326158
2084792
1294007
2224985
4843637
1302795
4833562
1308722
1891179
30194769
1301168
3821067
7564989
6432898
26627704
2240656
1472238
27148198
20266517
2346460
2138409
33387148
26678509
26785580
34436400
1401481
1307688
6843843
27066187
34809115
26844922
2154470
3264844
2148611
1433701
3115174
26647163
26430668
26296258
30256021
1944901
2342386
2995198
1301136
1856436
1434272
1464526
1294735
26430667
1421809
1310166
1303451
26635427
26710371
1434171
26247311
1937852
3266406
3332463
26379018
6519585
1292048
1292049
1292047
1309226
1307150
1424627
1465463
3992657
11527487
1401175
1300267
3070653
1421673
3273700
3681671
1986919
3093279
33459931
1859100
2284433
1433579
1783537
3271319
1434269
1432669
1293399
1292349
27185648
2357317
2148778
1394530
1481014
1293936
1292472
1483878
1304379
30301264
34875652
30334489
33419615
27615397
34459705
30256777
30441362
25717834
27119853
10771202
1292579
30444933
3291207
30209085
26756220
1299995
30481809
26642163
27018299
2346497
1482691
10543691
1498713
27109879
4002553
2294568
1765185
1297422
26900391
1293172
1307707
26677788
1313473
26847445
26379657
1292288
1307886
3010182
21767183
1293460
1937380
4735151
1301074
26677495
1307117
34795703
33459937
1300056
4097221
34902820
34902819
34902822
26959115
30327768
33955303
27059935
26935281
34429460
27061561
30365496
30366635
26278473
30344320
20469905
34919070
34919071
34919063
34936457
