1304920
1307910
27199776
1303698
26649041
1307886
1297422
30442351
25957004
25716096
30206431
25814705
27066187
1329969
1937844
27098888
1483426
30427480
4876722
27037053
20266517
1431761
1292288
26550176
26799232
26957500
1292206
26633257
2340953
1307320
1293401
1440954
25761178
1304534
30209084
27119292
1780122
1300056
1293460
4832288
26337866
20514902
1466263
1920630
30423539
26923111
1323746
1424632
30209086
1296757
1421673
2333601
26722604
1306505
27180759
3039187
1419052
1947116
2969582
26677495
1291876
27166414
1424627
1401269
26972258
24860289
2326158
26602281
5327189
27009738
26372545
1293391
26928304
26647163
1763931
2148881
25895901
27072795
26964415
1308010
34676682
1307067
27191492
25893369
2074700
1389915
26987999
27077266
26710371
2084794
1299624
10741220
26910059
26648249
30135942
26304167
1291828
30257175
1305085
1299204
1755695
2051929
1292504
1302077
1465450
1498668
1418019
1293200
27047917
1433701
26379018
1297923
26245360
2138486
35212192
1422186
1439106
1434273
10491649
1438091
1424629
2214120
2311159
1294951
1303533
1292719
1303528
2326174
1307708
1293241
2084792
1298672
1294343
1302815
1293271
1300779
1298375
1361276
2333729
2333700
21767183
1293858
3069861
26586806
1433560
1299485
1295946
11537964
1303571
1294781
11528251
25917973
1302213
3724033
25934339
4910842
27017673
1296183
26847445
5338937
26952153
2355756
3027219
3093279
1302210
6518756
1303801
1466037
3080192
30194320
1462569
1947677
25697098
3011022
1401924
1307015
10537845
1304060
2148797
1302466
26972678
5122160
26954566
2375631
20514947
33459931
2294568
25802874
1304560
1755283
1304068
24706550
1304817
1303534
1787128
1294039
30268948
1421309
1298619
3577094
1293776
1421676
1787129
26461158
1438689
2080554
1783537
21354767
1844188
1296976
2057495
26988000
1294486
1293632
1302675
1844192
2330077
1294140
1293388
2005841
3048123
26974725
26312936
27148198
10566664
4896295
34958725
10484041
1307318
