1303534
27037053
34955335
27191492
30331149
25814707
2123597
1424627
26245360
3330071
1434272
1296976
1465466
26022182
26215216
30150661
1421309
26957500
30181130
1293776
2005841
30200427
25716096
11537964
30206431
1292206
1307577
1937852
2148611
1424630
1308211
1294991
26436416
1294486
24526813
1780122
26979204
1293632
1293388
1873751
27180759
1302675
1294140
26340522
11528251
26820836
20514902
26874505
1306870
1329969
1300199
10491649
1313473
1308456
24874401
2969582
30209086
27072795
30291552
35038664
26586806
26900391
25917973
26648249
2340953
1296218
1438091
1418076
1394495
1296436
27066187
26910059
27185648
27018258
26337866
1431761
26247311
3039187
26935675
2357317
1307698
1456782
1309235
27042494
1440954
26694988
1305367
26923111
1303173
26715636
1305902
4876722
3724033
1472234
1303341
30188243
2333602
25895901
4002553
26870605
26671329
10733574
26874886
27056973
25768090
27611420
26658584
1294039
1768184
1433112
1440580
30310218
1756582
30209085
34964138
27019527
30209084
3752647
1293557
30189817
26847445
33218259
10430307
1294208
26772204
27591708
26738204
1297000
1428208
34958725
1307743
26969120
10484041
25934339
5338937
1807966
1483428
30252334
1307320
3901443
1304920
30307237
26391951
1305567
4290482
1483955
1305690
24696729
30132524
1299398
1292213
2346497
1301074
1302466
2033873
4724560
30335662
1429139
1303948
1303463
1303526
1303685
25859495
11615929
26550176
4097221
1307869
1958241
24706550
1437321
1822266
30255079
1401894
1303377
4030657
26959074
35192891
30353562
1316560
1401896
30337241
1292218
34927016
10505874
1417999
4097178
1307117
26678509
1822224
30232256
1304749
1307790
1472907
27107273
34955863
25757259
1299441
25957004
26705627
1293236
1309015
1323746
1864740
1293706
1482853
34603816
30174373
1498721
4899549
25802432
1299884
26752337
1755695
1291568
1483445
1307265
1401842
2027899
21337258
1293329
26020796
26848504
27108740
1498678
3992657
26732299
1925945
1401175
3348754
2051925
1479544
1438021
1296834
1293162
1305294
1401843
4752011
3368977
1298063
1307453
1306807
1294433
30283673
26861970
26383524
3088431
26997969
1297092
1400829
1493526
1303543
1401268
1299877
1424620
1305790
1293703
26723914
2007345
2007353
1294940
27018320
1438018
24860289
2057495
1472247
26339228
1303691
2160608
1431694
1299195
1432778
33464866
30295871
10430298
2208890
5913024
20443017
1452554
1482709
26616719
1294287
30367682
1498717
27109205
1424629
30309223
1944902
3147497
1917633
1451563
1401269
27666627
1986216
10748498
1439400
1303451
1464141
32491917
6852379
1307708
1301895
35256446
2138409
2030733
2157295
2286082
1472238
26877492
30140107
4189689
20495730
1432825
1306505
1422286
10807909
1464526
1437313
26785590
1461981
26353881
20514947
1472046
3032870
2371971
3399559
1461918
1461964
1785628
1461985
1304396
25809159
33400376
26304167
2311159
26878883
21941804
26778790
1937380
26677495
2148612
27611421
3011022
26615602
26647117
26775933
1308010
2156231
1419052
27017673
1794309
1389923
27666478
1292278
1293271
1293401
30395544
35495660
1308306
1296757
30133640
1296482
35252329
1299261
1361276
30419744
26707719
35513447
3193502
2225607
1306801
1401898
1472913
3204547
30206464
1892578
30423539
1465450
5212124
34850597
35144290
1848198
30328825
26685416
34954088
34850598
1306506
2153954
27098660
1299288
1292444
30466237
1401619
1459399
26591633
3793078
1302178
2135544
26344955
1304253
2074700
1302061
1301079
1292217
1432669
1351675
1340517
1300267
1293460
2154470
3008469
2136260
2136261
2136259
1394315
26372545
1294364
1296909
1903720
2346533
1452437
1293839
34852976
1302592
1303444
5056406
5054692
5053474
1301897
1303521
30422431
1303471
1303465
26872545
35630521
1401919
34431599
2973543
35232184
5995338
1478142
1300911
3195432
1304745
1296177
1304379
1309226
25697098
10430306
1308397
2080264
1483882
1301873
35288805
2061179
1295336
1294303
1301252
6432898
1316511
1325005
1293109
1307200
1303654
1294570
1291877
1292048
1292049
1292047
11593132
34929837
4710425
2349359
30223494
1401893
2326174
1482707
1307256
1461416
6799197
1464571
1292719
10608306
2279609
30244184
1962574
26889031
1930735
30323120
34905647
1302993
1296097
25814705
1303076
1294393
1303145
35225859
35360296
