1301897
1303471
1303465
1296177
1291877
1292048
1292049
1292047
26957500
1498719
1303341
1834694
1464156
1304920
26022182
26591633
21941804
26694988
1316560
35031562
1303145
35452679
35231901
35360566
3399559
1292206
27037053
1498721
1434171
26245360
1307321
26337866
10748498
1400868
11528251
26952153
1302993
1302361
1295873
1292719
27073062
1305690
1299288
1301122
1303578
24706550
10484041
26752564
4195804
3266406
26648249
1467748
30323120
1780122
30140107
34603816
1296097
1303076
1294393
26969120
1293236
26550176
11537965
26909423
35131346
34808495
35148918
26979007
1292218
1421309
30329081
30295871
1329969
4154628
30466237
1304069
34914949
1428208
1293414
5394466
26847445
1293233
26799232
25918002
35263095
35613850
30209084
1296482
35225859
34905647
30371819
25761178
1293776
27191431
2346497
1307320
26935675
1307743
34963461
1483424
34970212
1438021
1296757
35156106
34954371
1389923
35360296
35088863
34958725
1299261
1294039
34945456
5985922
1925019
30402843
10518936
30437716
33400376
26923111
1293213
1299932
1294421
1299248
25814705
25814707
26878883
1305817
1308609
1300977
11625164
27133567
2311159
3039187
3211002
1309015
26820836
26979204
1295656
1299877
1401898
4030657
1298248
34680793
1305567
27191492
3724033
1434273
27611420
3901459
26677495
2139395
2140669
20491278
26685416
1293632
1293388
1302675
1294140
35143080
1361276
1293271
25853724
25957004
34954088
2080554
26586806
30379982
34952486
30351365
2027899
1323746
26383524
30140101
1466263
1302210
30327842
26877505
2995198
1294208
26421442
26353881
1293359
20514947
1292278
2148607
1431694
24750126
1306885
1294413
1292337
25895901
2148587
35597707
3072381
32569470
1305913
1299227
35206186
10571509
34460775
26678509
2222996
1303394
27622447
1293422
1308796
1401896
2378375
2148869
1297863
1401487
34825959
1304749
1297574
30307237
27097910
1295409
30289828
1307790
1472907
1304100
2159056
1955966
1308749
1418070
1308162
3792799
1297304
1292287
4002553
1844191
1291841
1299131
1294240
2294203
1292220
30391270
1937380
1305483
3070653
20514902
1292338
1298095
30200427
34929859
34954093
5338937
3066008
1461917
1300961
1292964
1300962
23230619
2140014
3992160
1293870
2348223
26775933
1298616
3324210
1432629
1421818
4097221
1961938
26662776
25917973
3205445
26461178
1440583
26647117
1440585
26984189
20266517
1302077
1302279
1432669
2138409
25893369
25810914
1297923
1307708
25909170
10605870
1291556
3069861
14072900
11527487
1466019
3240854
35811926
4724739
35811563
35206435
4720779
35559346
1484745
1844550
3332628
1303521
2464346
2340950
1293401
1461964
1437410
1401584
1437409
1439126
1296949
1306059
1438066
4798707
11593132
2136122
35202365
4073933
35474010
6866809
35144311
30465538
35470663
1306960
33406477
1307015
35637259
1787291
