11527487
23230619
25853103
3070653
35360296
1421673
34909356
1424627
1361276
1303521
1303145
35861791
1293632
1293388
1302675
1294140
24522026
2059622
2148881
1482853
10571509
1864740
1302050
1755695
1302061
34809360
1301111
1400240
30465538
26984189
1298270
4918501
1292338
1297923
35202365
1306960
1292206
1787291
4798707
1291877
1292048
1292049
1292047
26969120
10484041
35376457
2154470
2142726
1323746
1480544
35224663
4719384
1293127
34816934
34603816
1299160
2305564
1299404
1295759
1294615
35168683
25978620
1301103
1294534
1298428
1294252
26616719
26979204
35970257
2123597
1437857
34966994
2997305
1298616
26035444
34825976
35370722
26591633
1302789
1294573
1293455
1388180
2001296
1292220
27037053
2340953
1807966
34945456
1493578
25917973
35211730
26337866
26979007
35225859
35232070
1301897
1303471
1303465
1296177
1892578
26878883
35524362
4281835
2225607
30329081
2148611
34779516
35209748
1437013
1432825
33412938
35483086
1299886
1293305
34813666
34429485
1301895
35441274
1299775
1294761
35372714
1293271
2340950
10785228
4899549
35452679
1451563
3047754
2140726
27191492
30351365
30327842
1401465
1293302
1297130
1293359
34958725
21767183
34833851
3592496
1465450
27109205
2326158
30434747
30402843
30437716
26935675
1292337
1293213
34941536
10438922
26339737
35656298
30249330
34952486
1304920
4097221
1421676
30423539
10558422
35305704
21941804
35727254
33400376
10748498
1394348
1293030
1297344
3726072
1304826
1296283
1297574
1299288
1297447
1303534
1294039
1294915
10430306
1293963
1303377
1316510
1295409
1305690
1293765
1303184
1316560
1293776
1300334
25761178
10430307
2084794
1307790
6799197
1472907
4030657
1421309
3724033
4281709
26550176
2357317
2222996
35144311
27611421
1309015
26649254
35360566
27133567
30128122
24706550
1293236
25895901
4720779
1302210
26772204
1844191
1293233
5964718
30289828
26020796
26848504
27108740
1296482
27186348
34954093
1304749
2347433
3335371
3211002
25957004
2123435
35028651
1844188
1302279
33406477
26647117
1299582
1292504
1295614
1302077
1432669
26775933
1389923
1299261
1498719
2995198
1437313
1295656
1294486
33459135
3039187
2361887
33459931
26437092
1296757
1493588
34853941
34925392
36181567
26997969
26732299
1305817
26778790
11537965
35205617
26685416
1306885
1294413
1292278
25814705
25814707
2027899
1298755
5977784
24860289
1484745
35088863
1308070
30391300
1401894
1306801
1299877
1401898
26678509
1292218
1937852
21961979
1434272
34914949
1780122
26694988
1292001
1302966
1293270
4876722
35876302
26952153
30140107
26353881
25853724
1472046
1401619
1302413
20514947
26383524
1431718
1472238
3399559
1461964
1299932
26710371
36390743
5318711
11500303
26366454
35041306
27073953
35041305
30463670
34606418
1756057
25866283
3123920
30394576
5993155
25741345
26586806
30283179
35474010
30204413
35151513
1298873
1308338
1433701
1464526
1438091
26677495
2346497
1765185
34955335
26954859
3734112
1329969
1422286
34955863
2044449
26877505
26295860
1298817
1299628
26588017
1401893
1472913
1424801
1292863
1293908
1294371
1401897
1401896
26304167
1498721
1431694
1483955
35354584
1482834
1293706
26340522
1295646
1294047
36330906
21624974
26374586
30209085
1483626
1293038
1292897
1293220
1296659
30295871
30181405
27666478
2333602
27098888
1902009
2147576
26022182
2237990
1768481
5915912
1868933
25827826
36209649
3442923
3139230
3726375
26857691
3726368
5046846
5089111
1780560
2381940
2051275
1307538
5162171
35478733
5174117
26550259
35901232
34953755
36104133
34430141
35168599
1291876
5338937
4116952
1999622
2057495
26245360
35068230
11593132
2068474
1434172
20266536
2140669
1298846
5327189
1296976
6852379
34953723
34953810
24751763
36239953
33415860
35597426
1308741
1466022
1434273
1307688
35923528
1418019
10491649
1389915
26785590
25934339
1308074
24525283
26847445
35890201
35734431
3562470
3033864
36489740
27666619
35017035
35606336
1297863
27047917
30209084
1297682
26764928
5088314
26717467
1303341
1301798
1296534
1303462
1298207
26247311
1498717
1305567
36347915
35360295
30189817
4307515
7062596
2076007
3017906
10566664
3113368
24868251
26988000
26349397
20266517
35231700
35737598
3069861
1401924
3577094
1865703
1470052
2567538
3334637
3071115
1300849
1303061
1436721
3119330
25802874
4832341
25893369
1303813
30159463
35873463
30300135
1307470
35143080
11625160
26241402
26235760
3120335
5041579
21359627
35235582
1291553
1303558
1302922
1299898
23310026
21827726
35233904
30331597
27040921
36587912
1293146
1466037
1424629
36237019
1401269
3742993
1291831
1304817
36025410
35400649
1295377
1471667
1291857
3059472
4304356
27611420
27066187
4739983
2969582
27063330
1424631
20491314
10608306
25760582
26430667
1291864
1308038
1461981
1307777
10604187
1424632
1424630
1304669
1448743
1305366
1291556
1308796
2363843
4861395
10537853
35214924
26959074
3401408
34948595
3077840
1308111
1291992
35235502
1292215
36590120
30245266
34923510
34923508
1305085
36590120
30245266
34923510
34923508
1305085
3313801
