1443650
1295644
1303815
1298514
1472224
1326206
1300960
1428971
1424654
1485105
1401909
1468822
1468824
1293160
1418128
1797977
10477388
1298270
1765204
1358392
1434232
1417430
1475183
1794712
1794711
1794387
1794305
1794185
1794184
1794181
1794306
1460440
1793792
1793787
1294718
1431980
1794308
1793760
1794310
1925021
1947288
1788100
1293310
1305694
1309005
1478789
1421885
1917905
1907340
1307306
1297419
1294783
1467726
1420067
1496438
1301337
1299686
1923731
1911933
1428069
1307941
1432774
1294786
1299010
1292281
1307993
1400889
1296601
1433056
1751547
1887166
1308491
1422947
1296200
1419936
1316698
1308793
1422089
1300930
1306161
1296124
1828287
1395546
1301359
1422024
1291856
1309015
1761684
1760235
1308488
1412579
1307733
1761824
1423044
1432730
1307498
1305281
1419988
1829183
1762087
1307595
1303037
1437109
1340528
1308994
1419136
1308755
1308047
1309083
1421468
1307263
1306939
1292055
1784615
1418834
2334170
1419966
1292056
1309037
1308163
1309066
1755290
1308774
1302346
1308787
1308092
1306565
1294411
1388216
1306670
1308974
1396313
1309003
1304332
1316537
1301417
1304645
1437037
1316561
1307262
1306466
1305073
1292444
1294215
1440263
1308833
1298829
1309085
1465400
1340522
1307583
1300947
1459274
1307503
