1839438
1310176
1295713
1483944
1849371
1844612
2339746
1578507
1866264
1308825
1351675
1418194
1987215
1416963
1468710
1316692
1777612
1298683
1296925
1791543
1309162
1452738
1369831
1299986
1578509
1306542
1303022
1296459
1478280
1303240
1394520
1482089
1431617
1693078
1420011
1389980
1433525
1309210
1449793
1815687
1294374
1307427
1298596
1428876
1304723
1421976
1304044
1762492
1422917
1473081
1299426
1422957
2046883
1309196
1308628
1419942
1301756
1763134
1438338
1306588
1465754
1457536
1418570
1293935
1301771
1295540
1822301
1304372
1418635
1296846
1962159
1962158
1306524
1418589
1295747
1299136
1962157
1962155
1307686
1292958
1302167
1962151
1867941
1469139
1962154
1963655
1293271
1293146
1295100
1866437
1939076
1421570
1395547
1962152
1306049
1306600
1962129
1294786
1777402
1401339
1308127
1292467
1437015
1308116
1872567
1306257
1419856
1476623
1305986
1416435
1337290
1305399
1433577
